loss,val_loss,acc,val_acc,itr
0.48170823447,0.235031365296,0.860058524909,0.939393939612,1
0.18466643653,0.180611970383,0.946605178232,0.953546453527,2
0.133007688476,0.154328425539,0.961310515862,0.958041958498,3
0.104447095919,0.144684997296,0.969311404849,0.961538461757,4
0.0844442681917,0.138799542526,0.975293551144,0.9620379618,5
0.0699885122026,0.134995603972,0.980090380415,0.96320346366,6
0.057874305348,0.137762996595,0.983572248645,0.962370961895,7
0.050274149843,0.14052064841,0.986128088182,0.964701964464,8
0.0424328752128,0.139158306509,0.988554283814,0.965867466324,9
0.0363935132603,0.147901180252,0.990961958741,0.961871462328,10
0.0315885180959,0.148614058908,0.992054672744,0.964202463726,11
0.0274110787376,0.151554607793,0.993351112963,0.966200465962,12
0.0238179331844,0.150100406068,0.9945179094,0.96686646639,13
0.0208728440208,0.159379338503,0.995425417511,0.964035963798,14
0.0210884359174,0.174130522144,0.995036485535,0.966033965796,15
0.020781420184,0.166455818198,0.995036485407,0.963203462727,16
0.0148857270883,0.166247887341,0.996870022595,0.964535464297,17
0.0137294382583,0.166726586028,0.997277475275,0.966866466628,18
0.0106766333833,0.170999235375,0.998314627423,0.966033965558,19
0.00944463836401,0.187236027408,0.99857391562,0.96320346366,20
0.00803332354137,0.1748777424,0.998814682985,0.967199466961,21
0.00670427137871,0.179398141784,0.999444382709,0.967365967128,22
0.00630705984324,0.180816669222,0.999370300404,0.967032966557,23
0.00551260888949,0.184770587305,0.999611067896,0.968031967556,24
0.00461617794589,0.187129333769,0.999722191355,0.966866467323,25
0.00477157335158,0.191399253198,0.999685150202,0.966866466628,26
0.00399264989945,0.192141193382,0.99979627366,0.966366966129,27
0.00434220825913,0.199829208327,0.999703670778,0.966699966224,28
0.00460853492326,0.218539019649,0.999481423862,0.964368963893,29
0.043282448615,0.223883744117,0.987498610961,0.961205460967,30
0.027320299655,0.224548312544,0.992739933939,0.963369962894,31
0.0131667402342,0.217768564681,0.996962625477,0.964535464059,32
0.00817929579695,0.206266858981,0.998759121384,0.96686646639,33
0.00489839193544,0.214155885931,0.999629588473,0.967865467389,34
0.00509634761793,0.212177722746,0.999611067896,0.967032966557,35
0.0040657565545,0.208072554604,0.999777753084,0.968697968222,36
0.00352409924377,0.20685563751,0.999814794236,0.968198467722,37
0.00343472340905,0.207941626975,0.999814794108,0.968697968222,38
0.00339090030083,0.209857120678,0.999814794236,0.969030968555,39
0.00335786584082,0.209441836203,0.999814794236,0.968531468055,40
0.00332366976865,0.210954240703,0.999814794236,0.968864468388,41
0.00330329651062,0.213073415073,0.999814794236,0.967865467389,42
0.00327584441356,0.213667039182,0.999814794108,0.968364967889,43
0.003248408632,0.214260048847,0.999814794236,0.968697968222,44
0.00322893951817,0.215492194952,0.999814794236,0.968531468055,45
0.00321075744436,0.217385806198,0.999814794236,0.968364967889,46
0.00319128092458,0.219163393787,0.999814794236,0.968531468055,47
0.00318157298023,0.220341421366,0.999814794236,0.968531468055,48
0.00316293967323,0.221361055757,0.999814794236,0.967698967223,49
0.00314808649276,0.223010441521,0.999814794236,0.968364968127,50
0.00313358863997,0.224883391959,0.999814794236,0.96819846796,51
0.00312337418868,0.225593828876,0.999814794236,0.967698967461,52
0.00310738086662,0.228793504139,0.999814794108,0.967532467056,53
0.00309992248568,0.230192873631,0.999814794236,0.96819846796,54
0.00309465358433,0.23102978159,0.999814794236,0.968031967794,55
0.00308235376377,0.233732509605,0.999814794236,0.966866466628,56
0.00307285495136,0.236014822886,0.999814794236,0.96819846796,57
0.00306573382202,0.237463703155,0.999814794236,0.968031967794,58
0.00305664514527,0.238365890536,0.999814794236,0.967199466961,59
0.00305124625798,0.240082825755,0.999814794236,0.968031967794,60
0.00304218915728,0.239936332007,0.999814794236,0.969197468959,61
0.00303614916418,0.242450997645,0.999814794236,0.967865467627,62
0.00303292661871,0.244373825657,0.999814794236,0.968031967794,63
0.00302538729272,0.246370936721,0.999814794236,0.96819846796,64
0.00302116438217,0.249271459285,0.999814794236,0.96819846796,65
0.00301780224033,0.250619832825,0.999814794236,0.967532467294,66
0.029047114772,0.368089518843,0.994573471131,0.952713952238,67
0.0707344733879,0.295363863848,0.985109456483,0.959540459997,68
0.0250055382326,0.264685158824,0.994369744658,0.96403596356,69
0.0137058048744,0.253695162622,0.997610845521,0.966366966129,70
0.0100130174126,0.251850088931,0.998796162409,0.967032966557,71
0.00622557324547,0.252521528752,0.999222135793,0.967365967584,72
0.00424457335929,0.248904278342,0.999666629497,0.966200466419,73
0.00448758997137,0.255146445124,0.999685150202,0.96603396649,74
0.00379419805335,0.252599695641,0.999777753084,0.966866467323,75
0.00373983563703,0.252470325469,0.999777753084,0.966366966823,76
0.00371934122156,0.252020409077,0.999777753084,0.96653346699,77
0.00370467287636,0.251845111414,0.999777753084,0.96603396649,78
0.00369400046063,0.252079603229,0.999777753084,0.966200466657,79
0.00368455907465,0.251898011229,0.999777753084,0.966699967156,80
0.00367661216108,0.251918025011,0.999777753084,0.966366966823,81
0.00366964290931,0.252308535006,0.999777753084,0.96686646639,82
0.00366293418709,0.252563335697,0.999777753084,0.967199466723,83
0.00365719660516,0.252976124575,0.999777753084,0.967532467056,84
0.00365181497174,0.252932594763,0.999777753084,0.967199466723,85
0.003646712906,0.254071497365,0.999777753084,0.967032966557,86
0.00364239909744,0.253819770234,0.999777753084,0.967032966557,87
0.00363845871648,0.254299810503,0.999777753084,0.967532467056,88
0.00363422370951,0.254215920493,0.999777753084,0.967698967223,89
0.00363114835968,0.25546548996,0.999777753084,0.966533466057,90
0.0036274435748,0.255526983481,0.999777753084,0.966699966224,91
0.00362457019868,0.255844130719,0.999777752956,0.967032966557,92
0.00362162615305,0.257115079082,0.999777753084,0.967532467056,93
0.0036188438821,0.257941587255,0.999777753084,0.96686646639,94
0.00361607155219,0.258394721532,0.999777753084,0.967698967223,95
0.00361391144179,0.259468341563,0.999777753084,0.967698967461,96
0.00361166162406,0.260103744234,0.999777753084,0.96736596689,97
0.00360946782064,0.261109560722,0.999777753084,0.96686646639,98
0.00360750984164,0.262034005841,0.999777753084,0.967032966557,99
0.00360557045543,0.262062187269,0.999777753084,0.967199466723,100
0.00360398467735,0.262768348144,0.999777753084,0.966866466628,101
0.00360230817085,0.264484001967,0.999777753084,0.967199466961,102
0.00360061957228,0.265046733,0.999777753084,0.967032966795,103
0.00359933532642,0.265933927017,0.999777753084,0.967365967128,104
0.00359787129399,0.266427397871,0.999777753084,0.967532467294,105
0.00359659121189,0.267578346361,0.999777753084,0.967698967461,106
0.00359556898094,0.269156067232,0.999777753084,0.967199466961,107
0.00359463606387,0.269084519555,0.999777753084,0.967199466961,108
0.00359342146492,0.270753998017,0.999777753084,0.967199466961,109
0.00359244888392,0.272625582766,0.999777753084,0.967199466961,110
0.003591679915,0.273602365141,0.999777753084,0.967698967461,111
0.00359084296798,0.275117825337,0.999777753084,0.967532467294,112
0.00359019034734,0.275304678181,0.999777753084,0.967532467294,113
0.00358936305039,0.277748513386,0.999777753084,0.96869796846,114
0.00358873692093,0.277871169538,0.999777753084,0.967865467627,115
0.00358823352427,0.27900303125,0.999777753084,0.968031967794,116
0.00358764669181,0.281438262979,0.999777753084,0.967698967461,117
0.00358724596828,0.281697916704,0.999777752956,0.968364968127,118
0.00358682529045,0.28291267988,0.999777753084,0.967698967461,119
0.00358634503638,0.284967806845,0.999777753084,0.967865467627,120
0.00358595433523,0.28566878987,0.999777753084,0.967698967461,121
0.00358558405013,0.287539089357,0.999777753084,0.968031967794,122
0.00358525919206,0.289183415838,0.999777753084,0.967865467627,123
0.00358505636375,0.289808541481,0.999777753084,0.967865467627,124
0.0035847120274,0.292543838601,0.999777753084,0.967865467627,125
0.00358451545409,0.291213101635,0.999777753084,0.968364968127,126
0.00358427714678,0.294908088913,0.999777753084,0.96819846796,127
0.00358411195803,0.295340852406,0.999777753084,0.967865467627,128
0.00358403238154,0.2966527207,0.999777753084,0.96819846796,129
0.00358383668383,0.298996835134,0.999777753084,0.968031967794,130
0.00358358246938,0.298740961903,0.999777753084,0.967365967128,131
0.00358344638959,0.301165508603,0.999777752956,0.967865467627,132
0.00358333611305,0.301413725876,0.999777753084,0.968031967794,133
0.0035832453479,0.302626758568,0.999777752956,0.96819846796,134
0.00358317074903,0.303441908631,0.999777753084,0.968364968127,135
0.00358306228827,0.305272776244,0.999777753084,0.967532467294,136
0.00358298185197,0.307697735528,0.999777753084,0.967865467627,137
0.00358290453226,0.30736276447,0.999777753084,0.967865467627,138
0.00358285466693,0.309421598313,0.999777753084,0.967698967461,139
0.00358279362922,0.310273682945,0.999777753084,0.96819846796,140
0.00358274509145,0.312536392576,0.999777753084,0.967532467294,141
0.00358272089314,0.313845189577,0.999777753084,0.967532467294,142
0.00358266189645,0.313825025941,0.999777753084,0.967865467627,143
0.00358262944762,0.316021199105,0.999777753084,0.96819846796,144
0.0687468898104,0.402088139599,0.988869133612,0.959207459426,145
0.0410611280923,0.332139920057,0.992425084271,0.964035964492,146
0.022832869151,0.325733181401,0.996481090363,0.966699967156,147
0.0148923277951,0.316727413055,0.997944215896,0.966866467323,148
0.0123709323015,0.323901361807,0.998351668704,0.965700966157,149
0.00995242588565,0.324329756059,0.999129532911,0.964868465325,150
0.48529169041,0.22753738719,0.858603255674,0.933366649452,1
0.178907058151,0.182794531772,0.948386021553,0.945860403142,2
0.131290911943,0.158762052702,0.961738615,0.955688822077,3
0.102777602375,0.145333492985,0.970942830065,0.959353656515,4
0.0832680930383,0.145233404278,0.976480174747,0.960019990015,5
0.0692476526341,0.136331268565,0.980498916514,0.965017491453,6
0.0570163694144,0.141636985978,0.98431394329,0.962685324015,7
0.0490236564492,0.156253646403,0.986962238581,0.960019989449,8
0.0424024903337,0.14480868595,0.988740115114,0.964684324137,9
0.0352015535039,0.141971283829,0.991425449485,0.965850408328,10
0.0303770260163,0.153079815136,0.992351426885,0.964017991014,11
0.0262093692674,0.150611621056,0.993777432064,0.966683325203,12
0.022204736078,0.15808034316,0.995184917681,0.965017491076,13
0.018955787267,0.161303787103,0.996333129618,0.964184574389,14
0.0157742734897,0.161959712285,0.997333185177,0.965517241389,15
0.0145680382744,0.171238096202,0.997573939277,0.965017491264,16
0.0129901804802,0.169416849377,0.997981369335,0.968182575578,17
0.0123086858334,0.166323843959,0.99809248662,0.968182575389,18
0.0116083029385,0.177427327014,0.998333240736,0.966183574323,19
0.015615390484,0.192965827017,0.996814637804,0.963518241277,20
0.0189380408076,0.199545043733,0.995388632671,0.963351657892,21
0.0219445913568,0.195582985645,0.994684889901,0.964517741328,22
0.0175472885965,0.188812466978,0.996333129587,0.966016991891,23
0.0125368058157,0.194696106902,0.997999888883,0.966183575078,24
0.00870468777629,0.199898286331,0.999074022615,0.966350158453,25
0.00812712540467,0.204204826584,0.999296257199,0.965683824576,26
0.00684762861821,0.203316057357,0.9995370113,0.965850408517,27
0.00606535158509,0.203853612103,0.9996481286,0.966016991891,28
0.00584950078623,0.2042593485,0.999685167695,0.966849908578,29
0.00572906463211,0.206328332141,0.999685167695,0.966683325391,30
0.00574011827286,0.205620402473,0.999685167695,0.966849908766,31
0.00562064802839,0.20750723628,0.999685167695,0.967183075516,32
0.0055601718475,0.208960031914,0.999685167695,0.967849409016,33
0.00551402211238,0.209540056161,0.999685167679,0.968349159141,34
0.00547106713139,0.212447396968,0.999685167695,0.967849409016,35
0.00543634188935,0.213037914263,0.999685167695,0.967183075516,36
0.00540192374434,0.214986914067,0.999685167695,0.967849409016,37
0.00542984861228,0.216378009723,0.999666648147,0.968349159141,38
0.0574170179639,0.255589219683,0.985443635727,0.960353157142,39
0.0344869442642,0.230714354806,0.991314332262,0.962685324203,40
0.0146200489723,0.229227072926,0.996629442376,0.966849908766,41
0.0085069764139,0.218106763434,0.998611033946,0.968349158188,42
0.00639350229158,0.2266278572,0.999555530847,0.967682825641,43
0.00559593556898,0.220685107252,0.999555530863,0.967682825641,44
0.00505872614011,0.222717597507,0.999685167695,0.969182076016,45
0.00487899090866,0.224004377765,0.999722206789,0.969515242766,46
0.00480836922051,0.223193981934,0.999722206789,0.969182076016,47
0.00477342566065,0.22493693374,0.999722206789,0.968848909266,48
0.0047474421554,0.225067982495,0.999722206789,0.969348659391,49
0.0047223023305,0.225471501705,0.999722206789,0.968848909266,50
0.00470369012753,0.225152653432,0.999722206774,0.969348659391,51
0.00468438777536,0.225769851732,0.999722206789,0.969515242766,52
0.00466714564027,0.226435927792,0.999722206789,0.969015492641,53
0.00465216759307,0.227162774748,0.999722206789,0.969348659391,54
0.00463976463168,0.228136637187,0.999722206774,0.968848909266,55
0.00462579497654,0.228331013146,0.999722206789,0.969681826141,56
0.00461375906292,0.230304350927,0.999722206789,0.968848909266,57
0.00460326398823,0.230624371517,0.999722206789,0.969182076016,58
0.00459374676555,0.230576575125,0.999722206789,0.969348659391,59
0.00458555580412,0.23155544695,0.999722206789,0.969681826141,60
0.00457635505403,0.231992498236,0.999722206789,0.969681826141,61
0.00457727959897,0.232960638539,0.999722206789,0.970014992891,62
0.00456946538217,0.234653982082,0.999722206789,0.969848409516,63
0.00455781430017,0.235161356011,0.999722206789,0.969015492641,64
0.00455161059108,0.235504468441,0.999722206789,0.969848409516,65
0.00454231174794,0.234947615785,0.999722206789,0.970181576266,66
0.00453517001436,0.236323084123,0.999722206789,0.970681326391,67
0.00453062678326,0.238568945282,0.999722206789,0.970514743016,68
0.00452636582886,0.238948091197,0.999722206789,0.970348159641,69
0.00452191110851,0.24091668314,0.999722206789,0.970348159641,70
0.0045177958316,0.241378772061,0.999722206789,0.969515242766,71
0.00451514510165,0.24334702071,0.999722206789,0.970348159641,72
0.050683485235,0.294097302895,0.989740170704,0.959520240267,73
0.0444247417332,0.269091599731,0.990166120325,0.964684323938,74
0.0160727917991,0.233319783035,0.996222012303,0.967349657938,75
0.00873413211223,0.239288110145,0.998814748968,0.966516741063,76
0.00638697144489,0.239103921538,0.999240698557,0.967183074563,77
0.00656485711335,0.235273754395,0.999481452673,0.966683324438,78
0.005421000546,0.23969636618,0.999629609052,0.966683324438,79
0.00543432141414,0.238181545419,0.999518491768,0.967516241313,80
0.00587103751815,0.238601454544,0.99957405041,0.968349158188,81
0.00577450774324,0.238493299092,0.999555530863,0.967682825641,82
0.00517195893904,0.250088574389,0.999592569958,0.966516742016,83
0.00625154591169,0.25843778612,0.99922217901,0.967016492141,84
0.00464632976017,0.242331650557,0.999666648132,0.968182575766,85
0.0043018016035,0.242046715768,0.999740726337,0.968515742516,86
0.00427040516578,0.241904955662,0.999740726337,0.968848909266,87
0.00425848788116,0.241991361854,0.999740726337,0.969182076016,88
0.00424978118443,0.242094447143,0.999740726337,0.969848409516,89
0.00424331046008,0.242245402875,0.999740726337,0.969182076016,90
0.00423818295725,0.242124511721,0.999740726337,0.969182076016,91
0.00423292936335,0.24279493374,0.999740726337,0.969015492641,92
0.0042291702942,0.242982892504,0.999740726337,0.969182076016,93
0.00422528919545,0.243139747397,0.999740726337,0.968682325891,94
0.00422224148107,0.243467515564,0.999740726337,0.969015492641,95
0.00421978398539,0.244008977337,0.999740726337,0.969015492641,96
0.00421654928472,0.244253770999,0.999740726337,0.968848909266,97
0.00421384187516,0.244859051639,0.999740726337,0.968848909266,98
0.00421154430339,0.245312864614,0.999740726337,0.969182076016,99
0.00420927321325,0.245205977731,0.999740726337,0.969182075063,100
0.00420745442161,0.245699201974,0.999740726337,0.969182075063,101
0.00420539615436,0.246445691463,0.999740726337,0.969515241813,102
0.0042034765922,0.247091769944,0.999740726337,0.969515241813,103
0.00420179640289,0.247417518343,0.999740726337,0.969348658438,104
0.00420023227088,0.248090129591,0.999740726337,0.969681825188,105
0.00419880450991,0.24888812751,0.999740726337,0.969681825188,106
0.00419734053387,0.249346015318,0.999740726337,0.969681825188,107
0.00419603660444,0.250669273946,0.999740726337,0.969515241813,108
0.00419489431317,0.251370626927,0.999740726337,0.969681825188,109
0.00419369507751,0.251320975439,0.999740726337,0.969681825188,110
0.00419255029397,0.25225865547,0.999740726337,0.969515241813,111
0.00419163591477,0.253539944989,0.999740726337,0.970348158688,112
0.00419066276693,0.253523660586,0.999740726337,0.969515241813,113
0.0041897702272,0.255189603425,0.999740726337,0.969848408563,114
0.00418885487717,0.256246802155,0.999740726337,0.969681825188,115
0.00418801465377,0.256243126086,0.999740726337,0.969681825188,116
0.00418752996543,0.257923827236,0.999740726337,0.970014991938,117
0.00418663472429,0.259959056728,0.999740726337,0.970014991938,118
0.00418600064477,0.260528779417,0.999740726337,0.969681825188,119
0.00418543025102,0.261564911166,0.999740726337,0.969681825188,120
0.00418495053063,0.26307597042,0.999740726337,0.969848408563,121
0.00418465900907,0.26332322428,0.999740726337,0.969848408563,122
0.00418388074529,0.263115291419,0.999740726337,0.969848408563,123
0.00418351785671,0.2654528209,0.999740726337,0.970014991938,124
0.00418316325693,0.265906245983,0.999740726337,0.970014991938,125
0.00418285536878,0.26771123153,0.999740726337,0.969848408563,126
0.00418245221132,0.267417008065,0.999740726337,0.970014991938,127
0.0041821446368,0.268948285143,0.999740726337,0.970181575313,128
0.0041818154996,0.270835930087,0.999740726337,0.969681825188,129
0.00418159500341,0.271118397849,0.999740726337,0.970014991938,130
0.00418133076141,0.27239963697,0.999740726337,0.970348158688,131
0.00418115304577,0.275401255783,0.999740726337,0.970014991938,132
0.00418092502913,0.273246789967,0.999740726337,0.970181575313,133
0.00418082517991,0.276438639869,0.999740726337,0.969681825188,134
0.00418066217876,0.277596055935,0.999740726337,0.970514742063,135
0.00418050114231,0.277418276183,0.999740726337,0.970181575313,136
0.00418034125541,0.278572598656,0.999740726337,0.970014991938,137
0.00418019415375,0.279309036244,0.999740726337,0.970014991938,138
0.0041801615234,0.280336928054,0.999740726337,0.970348158688,139
0.00418002883206,0.28198733094,0.999740726337,0.970681325438,140
0.00417994614691,0.281545921552,0.999740726337,0.971014492188,141
0.00417982209306,0.283601016196,0.999740726337,0.970681325438,142
0.00417973731801,0.284277143589,0.999740726337,0.970847908813,143
0.00417967536969,0.287402858851,0.999740726321,0.970181575313,144
0.00417962724708,0.285944960079,0.999740726337,0.970181575313,145
0.00417958615568,0.2871899822,0.999740726337,0.970514742063,146
0.0041795129914,0.288053542726,0.999740726337,0.970014991938,147
0.0427179255308,0.404201354044,0.993370001991,0.957354655827,148
0.0551333493013,0.305578677392,0.989906846661,0.965683825142,149
0.0227957365616,0.321770976915,0.995981258218,0.965350658392,150
0.505598053055,0.266384654357,0.848774977378,0.926178969894,1
0.179212987383,0.202832074235,0.946628641303,0.939510081375,2
0.127688923484,0.176559734649,0.961443730325,0.948508581486,3
0.0986356526767,0.165678499716,0.971240208212,0.953841026148,4
0.0795914005358,0.161575518855,0.976406970442,0.954007664972,5
0.0652457520166,0.158022098379,0.98098112931,0.955674053977,6
0.0538603031895,0.163106946205,0.984499713047,0.959173470741,7
0.0461838025256,0.163222063773,0.987221985712,0.958673554129,8
0.038495783508,0.165538576853,0.989481286573,0.958840193093,9
0.0328774921727,0.170690894015,0.991147984222,0.958340276412,10
0.0277026022655,0.174708826841,0.992907275973,0.958840193162,11
0.0238568482849,0.178082370573,0.994073964245,0.959173470741,12
0.0207129503385,0.180836192301,0.995111020487,0.95917347081,13
0.0187016780316,0.182056915363,0.996055482509,0.961006498778,14
0.0151802754327,0.196367951303,0.997074019889,0.958840193093,15
0.0157660948135,0.196094398411,0.996814755859,0.958840193093,16
0.0180834031076,0.20414449261,0.995962888231,0.959673387491,17
0.0183671973261,0.212788135233,0.995536954388,0.956673887338,18
0.013468997424,0.208133486021,0.997166614197,0.962339609717,19
0.0128547043028,0.215811959921,0.997740698902,0.958340276273,20
0.00905838133019,0.209579988921,0.998703679698,0.962339609856,21
0.00961669416992,0.213562729872,0.998333302352,0.960673220852,22
0.00698968685936,0.217143343739,0.999037019204,0.959340109565,23
0.0063918835159,0.212479884,0.999092575818,0.961506415389,24
0.00561646155112,0.222898337523,0.999444434039,0.960173304241,25
0.00641617408175,0.212152594721,0.99894442478,0.962839526467,26
0.00671394961592,0.232832105897,0.999055538066,0.959673387491,27
0.00651120432477,0.224530299099,0.998925906035,0.960839859676,28
0.0105921741264,0.234707084972,0.997314765088,0.960006665417,29
0.0154947231957,0.263432582703,0.995740661864,0.959506748597,30
0.0129881690514,0.243473178013,0.996851793552,0.959673387421,31
0.00834513497528,0.243646332292,0.998444415637,0.961339776426,32
0.00611086900464,0.236967025534,0.999018500343,0.963172804324,33
0.00478898445327,0.243786144192,0.999611103909,0.961006498639,34
0.00518980517861,0.241618527783,0.999425915178,0.961673054213,35
0.00406343844147,0.236819036043,0.999629622771,0.963172804254,36
0.00344877419489,0.235423090989,0.999814811385,0.963006165361,37
0.00331281430797,0.234651146159,0.999814811385,0.964005998722,38
0.00326404217171,0.236036526687,0.999814811385,0.963506082042,39
0.00323598618913,0.235670417026,0.999814811385,0.964172637616,40
0.0032155371506,0.236188317233,0.999814811385,0.964672554296,41
0.00319588321866,0.236955559089,0.999814811385,0.964005998722,42
0.00317927070152,0.237441754276,0.999814811385,0.964672554296,43
0.00316394232372,0.23754656332,0.999814811385,0.964339276509,44
0.00315053680521,0.23899127167,0.999814811385,0.964672554296,45
0.00313892199162,0.24053392109,0.999814811385,0.964339276509,46
0.00312775193157,0.240834885298,0.999814811385,0.964672554296,47
0.00311903756825,0.242523529553,0.999814811385,0.964172637616,48
0.0031045460073,0.243074205796,0.999814811385,0.963839359829,49
0.00309636071825,0.244755786621,0.999814811385,0.963672720935,50
0.00308809691215,0.245749906373,0.999814811385,0.963839359829,51
0.00307868096957,0.24737095152,0.999814811385,0.964172637616,52
0.00307747233606,0.2492636451,0.999814811385,0.963339443148,53
0.00306363905374,0.248470754184,0.999814811268,0.963672720935,54
0.00305811477521,0.2505072571,0.999814811385,0.964005998722,55
0.00304918366338,0.252804494246,0.999814811385,0.962672887574,56
0.00304397547378,0.251856275979,0.999814811385,0.963672720935,57
0.00304030289764,0.254795810209,0.999814811385,0.962839526467,58
0.0101372871815,0.425192570231,0.998277745797,0.942676220421,59
0.0795746216948,0.301174959428,0.982833015426,0.958006998486,60
0.0246634029893,0.279813653905,0.993888775718,0.960839859745,61
0.0137267241675,0.268995273344,0.99759254801,0.962506248541,62
0.00857207361523,0.260778924598,0.998999981481,0.963339443287,63
0.00898895066691,0.259833216046,0.998981462503,0.961006498639,64
0.00589481094216,0.255858756998,0.999574066186,0.963172804394,65
0.00533796904522,0.252058026875,0.999685179355,0.96300616543,66
0.00527451255717,0.251767847446,0.999685179355,0.963339443218,67
0.00524848987835,0.25162828688,0.999685179355,0.96300616543,68
0.00522960196014,0.251595658881,0.999685179355,0.963506082111,69
0.00521592547083,0.25195907406,0.999685179355,0.963672721005,70
0.00520297635452,0.252755862358,0.999685179355,0.963339443218,71
0.00519259014582,0.253336994651,0.999685179238,0.96300616543,72
0.00518333315891,0.253255046943,0.999685179355,0.962839526537,73
0.00517558353058,0.254101529712,0.999685179238,0.962839526537,74
0.00516747415111,0.255395743628,0.999685179238,0.96250624875,75
0.005161057784,0.255367562224,0.999685179355,0.962672887643,76
0.00515435726744,0.256931494882,0.999685179355,0.962839526537,77
0.00514866489907,0.257096320055,0.999685179355,0.96300616543,78
0.00514388513453,0.257469099006,0.999685179355,0.963172804324,79
0.00513917570949,0.259510006302,0.999685179355,0.962672887643,80
0.005134242217,0.259507787265,0.999685179355,0.962839526537,81
0.00513029957192,0.260450226288,0.999685179355,0.963172804324,82
0.00512671355104,0.261874470469,0.999685179355,0.963172804324,83
0.00512258701922,0.262495700158,0.999685179355,0.963172804324,84
0.00511923657465,0.262713001293,0.999685179355,0.96250624875,85
0.00511589420468,0.264732048519,0.999685179355,0.962339609856,86
0.00511317637429,0.265200494727,0.999685179355,0.963172804324,87
0.00511020593752,0.265834378351,0.999685179355,0.962672887643,88
0.00510755762147,0.267230679022,0.999685179355,0.96300616543,89
0.00510506090201,0.268758596562,0.999685179355,0.963172804324,90
0.00510267938388,0.2693479719,0.999685179355,0.962672887643,91
0.00510069542411,0.269660767951,0.999685179355,0.962339609856,92
0.00509893684298,0.271701287278,0.999685179355,0.962339609856,93
0.00509654451831,0.271975717578,0.999685179355,0.962172970963,94
0.00509481634602,0.272621772266,0.999685179355,0.96300616543,95
0.00509326081738,0.274118089188,0.999685179238,0.962839526537,96
0.00509162090065,0.276284556928,0.999685179355,0.96250624875,97
0.00509037141734,0.276333976517,0.999685179355,0.962339609856,98
0.00508900374814,0.277980958334,0.999685179355,0.96250624875,99
0.00508760325946,0.27966260842,0.999685179355,0.962339609856,100
0.00508669031832,0.279146888702,0.999685179238,0.962672887643,101
0.00508551871055,0.281581132559,0.999685179355,0.962839526537,102
0.00508454289293,0.281415994426,0.999685179355,0.962006332069,103
0.00508370278689,0.282970983164,0.999685179355,0.962172970963,104
0.00508283832449,0.2842731337,0.999685179355,0.96250624875,105
0.00508216089236,0.284190769167,0.999685179355,0.96300616543,106
0.00508157744115,0.287676804762,0.999685179355,0.962006332069,107
0.00508088897131,0.286075076621,0.999685179355,0.96300616543,108
0.00508026696606,0.288045140599,0.999685179355,0.962339609856,109
0.00507960787186,0.290534213565,0.999685179355,0.962672887643,110
0.00507912656657,0.290882467518,0.999685179238,0.96250624875,111
0.00507870865069,0.291331240856,0.999685179355,0.96250624875,112
0.00507829729442,0.293230478713,0.999685179355,0.96250624875,113
0.00507798507335,0.294851926134,0.999685179355,0.962672887643,114
0.00507768743628,0.295227745052,0.999685179355,0.962172970893,115
0.00507733772074,0.298256985067,0.999685179355,0.962839526537,116
0.00507709826354,0.297725814908,0.999685179355,0.96250624875,117
0.00507673880581,0.299012258661,0.999685179238,0.962672887643,118
0.00507651528561,0.299242090099,0.999685179355,0.963506082111,119
0.00507632575371,0.301179559859,0.999685179355,0.962839526537,120
0.00507608760088,0.301754510824,0.999685179355,0.963339443218,121
0.00507598033181,0.303535638132,0.999685179355,0.962672887643,122
0.00507578587662,0.30550585239,0.999685179355,0.963506082111,123
0.00507562683197,0.305368642713,0.999685179355,0.963339443218,124
0.00507550776274,0.30593362872,0.999685179355,0.963172804324,125
0.00507538876608,0.307129047264,0.999685179355,0.962839526537,126
0.00507527418393,0.309401377755,0.999685179355,0.963339443218,127
0.00507520602932,0.310416601381,0.999685179355,0.963839359898,128
0.00507511972405,0.311858276574,0.999685179355,0.963172804324,129
0.00507503720148,0.312640891564,0.999685179355,0.963172804324,130
0.00507497981649,0.313044275866,0.999685179355,0.963506082111,131
0.00507493844176,0.314321681199,0.999685179355,0.963172804324,132
0.00507487451541,0.315654430833,0.999685179355,0.963006165361,133
0.00507482073348,0.317225273568,0.999685179355,0.962672887643,134
0.00507476919151,0.317806874495,0.999685179355,0.96300616543,135
0.00507473983141,0.317756889674,0.999685179238,0.962672887643,136
0.074611195765,0.355142532433,0.988629418976,0.960006665139,137
0.0443085172907,0.336505828207,0.99251837997,0.961339776426,138
0.02346914225,0.35714228675,0.996351784175,0.960006665208,139
0.0146916286676,0.331492954583,0.997888849677,0.959673387491,140
0.0110292614,0.330163555435,0.998740717304,0.960339943204,141
0.00853181004664,0.322717964845,0.999296283265,0.96250624875,142
0.00704374620266,0.314237749039,0.999499990741,0.962339609856,143
0.00664098511868,0.315006597268,0.999592585048,0.962339609856,144
0.00660275231793,0.31422000006,0.999592585048,0.962839526537,145
0.0065970567435,0.313607039846,0.999592585048,0.96250624875,146
0.00659347141133,0.3131690419,0.999592585048,0.96250624875,147
0.0065908305769,0.312723697516,0.999592585048,0.962672887643,148
0.00658865133752,0.312376433691,0.999592585048,0.962839526537,149
0.00658685222358,0.312037198166,0.999592585048,0.963172804324,150
0.494807123122,0.215045148412,0.856962963016,0.93766666619,1
0.175869343199,0.166441943089,0.949611111199,0.9535,2
0.125423490339,0.14611935097,0.963592592681,0.95733333381,3
0.098360607485,0.136297257086,0.971833333227,0.960500000477,4
0.0792370013826,0.125883594155,0.977388888907,0.963166666508,5
0.065824914813,0.127634025057,0.981055555679,0.964500000159,6
0.0560488474811,0.122850737989,0.98431481485,0.965999999682,7
0.047571234139,0.123433159014,0.987185185221,0.96666666619,8
0.039886625642,0.128412493239,0.990000000035,0.966333332856,9
0.0343695641624,0.134643226385,0.991388888924,0.965833332856,10
0.0297901968829,0.136331687709,0.99303703709,0.967333333492,11
0.0278204606871,0.128562558313,0.993314814832,0.969000000159,12
0.0226904955722,0.132031629662,0.994907407443,0.968333332856,13
0.0192069864284,0.143703622888,0.996018518572,0.969499999523,14
0.017696697641,0.142029055099,0.996407407425,0.968166666826,15
0.0152072317379,0.145586765786,0.997129629665,0.968666666826,16
0.0134127682464,0.148072665791,0.997833333369,0.967666666985,17
0.0145005972739,0.152930521558,0.99737037037,0.967666666826,18
0.0121993926358,0.161339852239,0.997925925961,0.969000000159,19
0.0110679391945,0.168453507165,0.998222222258,0.966666666826,20
0.00962457740541,0.161687853853,0.998722222222,0.967833333492,21
0.00872438219693,0.180192127864,0.99887037037,0.967666666349,22
0.0113239448702,0.173592308203,0.997907407407,0.96766666619,23
0.0149823919032,0.187346776028,0.996537037072,0.965499999682,24
0.0199513917974,0.214959183097,0.995074074074,0.965166666826,25
0.0187558789709,0.193922192554,0.995574074109,0.966833333015,26
0.01297184506,0.188392875512,0.997481481499,0.966333333492,27
0.00974294261717,0.184349496047,0.998777777795,0.967000000159,28
0.00759991451449,0.188096856495,0.999351851852,0.967666666349,29
0.0061275569711,0.187170418511,0.999666666667,0.968333333492,30
0.00576810872131,0.188955520153,0.999685185185,0.968833333492,31
0.0056510433234,0.190327689936,0.999685185185,0.968333333492,32
0.00558240098915,0.191910226703,0.999685185185,0.968166666826,33
0.00553317887193,0.192542913467,0.999685185185,0.968500000159,34
0.0054906119749,0.193051792771,0.999685185185,0.968500000159,35
0.00545614890319,0.193669136286,0.999685185185,0.968166666826,36
0.00541945495132,0.194583023508,0.999685185185,0.968666666826,37
0.00539616844449,0.196529008687,0.999685185185,0.968333333492,38
0.00536713054789,0.197461924235,0.999685185185,0.969166666826,39
0.00533549137532,0.198777717352,0.999685185185,0.968500000159,40
0.00531796292108,0.201218014002,0.999685185185,0.968333333492,41
0.00529614307871,0.202333738387,0.999685185185,0.968166666826,42
0.0052997511539,0.206472744485,0.999685185185,0.968166666349,43
0.0539209439236,0.230568155189,0.986925925944,0.961333333651,44
0.0332013227296,0.211004896452,0.991462963034,0.967666666349,45
0.01613316369,0.203841510952,0.995981481481,0.966666666826,46
0.00911183403067,0.194182048649,0.998574074074,0.970833333492,47
0.00753707886301,0.193992035866,0.999259259259,0.969833333651,48
0.00549755566916,0.191872010628,0.999666666667,0.970000000159,49
0.00494444287734,0.191037926485,0.999685185203,0.968833333492,50
0.00481049449369,0.192459097197,0.99972222224,0.969500000159,51
0.00476279231683,0.192951453974,0.999722222222,0.969500000159,52
0.00473225376442,0.193779848119,0.999722222222,0.969500000159,53
0.00470661365792,0.194813462396,0.999722222222,0.968833333492,54
0.00468743451658,0.19527623118,0.999722222222,0.969333333015,55
0.00466870342643,0.196411602269,0.99972222224,0.969499999682,56
0.00465489975822,0.197477321893,0.999722222222,0.969166666349,57
0.0046398642055,0.197885722796,0.999722222222,0.969333333015,58
0.00462742638419,0.198349004467,0.999722222222,0.969666666349,59
0.00461571464729,0.199103794873,0.999722222222,0.969499999682,60
0.00460504814524,0.199959196657,0.999722222222,0.969499999682,61
0.00459619781586,0.200860438446,0.999722222222,0.969499999682,62
0.00458823758529,0.201536076029,0.999722222222,0.969166666349,63
0.00457974280527,0.202603916069,0.999722222222,0.969666666349,64
0.00457226371412,0.203870897551,0.999722222222,0.969833333015,65
0.004564216744,0.204304400067,0.999722222222,0.969333333015,66
0.00455677987223,0.205502623777,0.999722222222,0.969999999682,67
0.00455065157188,0.205913134098,0.999722222222,0.969833333015,68
0.00454491979182,0.207865913808,0.999722222222,0.970166666349,69
0.00454013536169,0.207525243759,0.999722222222,0.970666666349,70
0.0045346223972,0.208193863908,0.999722222222,0.970333333015,71
0.00453020136377,0.208501579463,0.999722222222,0.970499999682,72
0.00452621045704,0.210399272641,0.999722222222,0.970333333015,73
0.00452141345251,0.210924714983,0.99972222224,0.970499999682,74
0.00451803889722,0.211283370356,0.999722222222,0.970999999682,75
0.0470301762137,0.286403606296,0.990740740811,0.963166666826,76
0.0445905774175,0.247433345954,0.989462962998,0.965000000318,77
0.0174234874805,0.244724146267,0.996296296314,0.964666666826,78
0.010714973989,0.227583955765,0.998037037055,0.967333333015,79
0.00546370347236,0.219024417202,0.999407407407,0.968000000159,80
0.0047416002268,0.216613685568,0.999648148148,0.969166666985,81
0.00441519825543,0.216571588874,0.999740740741,0.969166666985,82
0.00434877289299,0.216551914811,0.999740740741,0.969499999682,83
0.00432322232008,0.216719481866,0.999740740741,0.969166666349,84
0.00430771820801,0.217069156726,0.999740740741,0.969499999682,85
0.00429613929596,0.217103603681,0.999740740758,0.969666666349,86
0.00428603785605,0.217808485309,0.999740740741,0.969833333015,87
0.00427734440404,0.218168853323,0.999740740741,0.969999999682,88
0.00427002522205,0.218402101278,0.999740740741,0.970166666349,89
0.00426291986853,0.218963046193,0.999740740741,0.970333333015,90
0.00425731398717,0.21920301497,0.999740740741,0.969999999682,91
0.00425119728747,0.21956203115,0.999740740741,0.969999999682,92
0.00424616795086,0.219871912638,0.999740740741,0.969999999682,93
0.00424168214095,0.220425087929,0.999740740741,0.970499999682,94
0.00423738773353,0.220878992438,0.999740740741,0.970333333015,95
0.00423330294523,0.221185652534,0.999740740741,0.970166666349,96
0.00422956919377,0.221643671076,0.999740740741,0.970333333015,97
0.00422577840882,0.222455138763,0.999740740741,0.969666666349,98
0.00422247424001,0.222251924237,0.999740740741,0.970499999682,99
0.00421965837697,0.223000507057,0.999740740741,0.970166666349,100
0.00421663582012,0.223729655166,0.999740740741,0.970499999682,101
0.00421408884908,0.223855364899,0.999740740741,0.970666666349,102
0.00421128913045,0.224931468487,0.999740740741,0.970333333015,103
0.00420900692207,0.225643687924,0.999740740741,0.970666666349,104
0.00420674006384,0.225800266147,0.999740740741,0.970833333015,105
0.00420474669691,0.226870762169,0.999740740741,0.970499999682,106
0.0042028687374,0.227070222795,0.999740740741,0.970499999682,107
0.00420102254205,0.227483360112,0.999740740741,0.970666666349,108
0.00419936310461,0.22875138996,0.999740740741,0.970166666349,109
0.00419770656935,0.229250938515,0.999740740741,0.969833333015,110
0.00419628266091,0.229416616062,0.999740740741,0.970333333015,111
0.00419480905475,0.230425215185,0.999740740741,0.970333333015,112
0.00419343944257,0.23089218996,0.999740740741,0.970333333015,113
0.00419252513108,0.231621884704,0.999740740741,0.970333333015,114
0.00419122757553,0.232215534369,0.999740740741,0.970333333015,115
0.0041903825791,0.232821399192,0.999740740758,0.970999999682,116
0.0041894192733,0.234743085285,0.999740740741,0.969999999682,117
0.00418842635782,0.234115474184,0.999740740741,0.970666666349,118
0.00418765952964,0.23606695507,0.999740740758,0.970666666349,119
0.00418687302003,0.2366824102,0.999740740741,0.970666666349,120
0.00418621056366,0.237504094342,0.999740740741,0.970833333015,121
0.00418561425329,0.238059218923,0.999740740741,0.971333333015,122
0.0041849258212,0.239441419919,0.999740740741,0.970666666349,123
0.00418441921136,0.239961540222,0.999740740741,0.970333333015,124
0.00418390195007,0.240456690629,0.999740740741,0.970833333015,125
0.00418343722373,0.241334140499,0.999740740741,0.970666666349,126
0.0041829894391,0.242524956067,0.999740740741,0.970833333651,127
0.0041826400406,0.244175789118,0.999740740741,0.970833333015,128
0.0041822576154,0.24419156309,0.999740740741,0.970833333015,129
0.00418195341346,0.244888130248,0.999740740741,0.970666666349,130
0.00418165510593,0.2458430897,0.999740740741,0.970833333015,131
0.00418141607904,0.246836451372,0.999740740741,0.970833333015,132
0.00418115438174,0.248294713577,0.999740740741,0.970666666985,133
0.00418096319581,0.250555482427,0.999740740741,0.970833333015,134
0.00418072275331,0.250924924374,0.999740740741,0.970166666985,135
0.00418052147335,0.251601888378,0.999740740741,0.970666666985,136
0.0041803590865,0.252938799461,0.999740740741,0.970999999682,137
0.004180204518,0.253080466906,0.999740740758,0.971666666349,138
0.00418010998199,0.255686502735,0.999740740741,0.970999999682,139
0.00417998410536,0.255276001374,0.999740740741,0.971499999682,140
0.00417988922319,0.256575869441,0.999740740741,0.970499999682,141
0.0816459985491,0.304280917088,0.985722222293,0.967499999523,142
0.0254742067961,0.273715353986,0.995037037055,0.969499999523,143
0.0143914531502,0.262136628747,0.997796296296,0.970333333015,144
0.00963229524405,0.268828952054,0.998703703721,0.968666666985,145
0.00839808127126,0.251144529382,0.999037037037,0.971166666826,146
0.00687417389914,0.249473376562,0.999518518519,0.970500000159,147
0.00665050820181,0.249929496954,0.99959259261,0.970500000159,148
0.00661328217819,0.25015375637,0.999592592593,0.970333333492,149
0.00660601287251,0.250318304141,0.999592592593,0.970666666826,150
0.494745708395,0.232244306167,0.85735185194,0.933833333333,1
0.175745818299,0.172738999228,0.949833333227,0.948500000318,2
0.126901375885,0.15083949397,0.962592592575,0.956333333015,3
0.0993086871251,0.142788195729,0.971185185238,0.959000000318,4
0.0807577613173,0.137533027867,0.97683333321,0.961166666349,5
0.0666272709833,0.133689789573,0.980851851975,0.961499999682,6
0.0566311237525,0.133144397865,0.984111111235,0.962500000159,7
0.0468440301098,0.146048876027,0.987407407478,0.961500000318,8
0.0410150360973,0.143290670971,0.988981481534,0.962166666826,9
0.0351333627259,0.147096963435,0.991000000088,0.961000000159,10
0.0306050393283,0.140818997761,0.992296296332,0.963333333015,11
0.0253420445157,0.142254382968,0.994000000018,0.964166666349,12
0.0219779290044,0.152322032392,0.995277777778,0.962000000159,13
0.0202095423131,0.151721054176,0.995555555591,0.965166666826,14
0.0187722109269,0.153875137607,0.996037037072,0.966166666349,15
0.0156783818525,0.155454930643,0.997148148148,0.964999999682,16
0.0134943352126,0.157240999401,0.997703703721,0.967166666349,17
0.0128534023192,0.176987909218,0.997851851852,0.962999999682,18
0.0116562259208,0.164432997147,0.998166666667,0.966333333492,19
0.0108034931101,0.167255010486,0.998092592628,0.965499999682,20
0.0110653912902,0.188631074289,0.998203703704,0.962833333015,21
0.0155769883422,0.194646402093,0.996611111111,0.962,22
0.0148330417456,0.174257591128,0.996537037037,0.967166666826,23
0.0143467713952,0.197906003664,0.996629629647,0.96316666619,24
0.0115430261768,0.181594613413,0.99812962963,0.965999999523,25
0.00971672443563,0.18672631982,0.99887037037,0.965166666985,26
0.00760046366306,0.184746336043,0.999259259259,0.967166666349,27
0.0072783052629,0.182983703673,0.999425925926,0.967833333015,28
0.00699847127113,0.18941651243,0.999388888889,0.967833333651,29
0.00665987063743,0.192945577482,0.999444444444,0.967166666349,30
0.00621269118613,0.188877991239,0.999574074092,0.969333333651,31
0.00567266338736,0.191569660942,0.999685185185,0.969333333015,32
0.00556293928865,0.192367070059,0.999685185185,0.968666666349,33
0.00550191524005,0.19411594822,0.999685185185,0.968999999682,34
0.00545452591363,0.194261570275,0.999685185203,0.968999999682,35
0.00543859291527,0.197333356539,0.999685185185,0.968166666349,36
0.00539426551173,0.198393616239,0.999685185185,0.968833333015,37
0.00538482333801,0.199995994349,0.999685185185,0.969333333015,38
0.00533839666987,0.201919917206,0.999685185185,0.968166666349,39
0.00535949937171,0.221715732137,0.999666666667,0.965333333015,40
0.064211616999,0.261587417642,0.985000000088,0.957166666508,41
0.035044334905,0.225532700698,0.991796296314,0.963166666985,42
0.0170687530049,0.238084872206,0.996388888889,0.963999999682,43
0.0101948799943,0.220416964789,0.99859259261,0.965666666349,44
0.00858160609152,0.230597260515,0.999092592593,0.966333333015,45
0.00785377240771,0.228102229973,0.999333333333,0.965666666985,46
0.00634672978169,0.218464725077,0.999592592593,0.966999999682,47
0.00552263963952,0.215829718292,0.999666666667,0.967333333015,48
0.0051625676774,0.216166805307,0.999703703704,0.967666666349,49
0.00507221738495,0.216179442147,0.999703703704,0.967499999682,50
0.00503715521706,0.215855300943,0.999703703704,0.967666666349,51
0.00501591461977,0.216717192113,0.999703703704,0.967666666349,52
0.00499416497247,0.216562298636,0.999703703704,0.967999999682,53
0.00497598528035,0.216747747382,0.999703703704,0.967999999682,54
0.00495897148058,0.217237229427,0.999703703704,0.967499999682,55
0.00494741491216,0.217679390828,0.999703703704,0.968333333015,56
0.00493321560593,0.217862202128,0.999703703704,0.967999999682,57
0.00492078621247,0.218265280128,0.999703703704,0.968333333015,58
0.00491214270813,0.218507782996,0.999703703704,0.968166666349,59
0.00489983162515,0.218603004237,0.999703703704,0.967999999682,60
0.00489089362119,0.220310123901,0.999703703704,0.967999999682,61
0.00488182540859,0.220232965191,0.999703703704,0.967999999682,62
0.00487292685255,0.220395646314,0.999703703704,0.968333333015,63
0.00486665171786,0.221073609332,0.999703703704,0.968166666349,64
0.00485931511388,0.221250603735,0.999703703704,0.968333333015,65
0.00485194457244,0.222973700543,0.999703703704,0.968666666349,66
0.00484709792667,0.223705529988,0.999703703704,0.968499999682,67
0.00483975073549,0.224369488557,0.999703703704,0.967999999682,68
0.00483678931812,0.22454985104,0.999703703704,0.968166666349,69
0.00483030052996,0.224661568105,0.999703703704,0.968499999682,70
0.00482535405516,0.226916964273,0.999703703704,0.968999999682,71
0.00482090162301,0.226850148956,0.999703703704,0.967666666349,72
0.00481742341866,0.227497378667,0.999703703704,0.968499999682,73
0.00481369121752,0.229205321908,0.999703703704,0.968999999682,74
0.00481074189812,0.22800034523,0.999703703704,0.968333333015,75
0.00480692196493,0.230528892994,0.999703703704,0.968333333015,76
0.00480436180276,0.231131272276,0.999703703704,0.968833333015,77
0.00480126642488,0.232486479362,0.999703703704,0.968499999682,78
0.00479910247984,0.232402522604,0.999703703704,0.967833333015,79
0.00479672376836,0.234300363541,0.999703703704,0.968166666349,80
0.00479497904483,0.235198614319,0.999703703704,0.968333333015,81
0.00479328817156,0.235033310731,0.999703703704,0.968833333015,82
0.00479173783769,0.236248115182,0.999703703704,0.968833333015,83
0.00478993568613,0.238289779305,0.999703703704,0.968333333015,84
0.00478871721127,0.240216349483,0.999703703704,0.969333333015,85
0.00478699685827,0.240653941631,0.999703703704,0.968666666349,86
0.00478590505622,0.241728920976,0.999703703704,0.969333333015,87
0.00478486351912,0.242577009122,0.999703703704,0.968666666349,88
0.00478392122221,0.243990376433,0.999703703704,0.968666666349,89
0.00478339517827,0.246140283068,0.999703703704,0.969166666349,90
0.0687134476438,0.276347300661,0.986388888977,0.964666666667,91
0.0325494868894,0.255422817449,0.993185185221,0.966500000159,92
0.0158201472959,0.237946090991,0.997537037037,0.970000000159,93
0.0110253026786,0.255487876932,0.998611111111,0.966500000159,94
0.0118094160211,0.24665014871,0.998481481481,0.967499999682,95
0.00900372911038,0.237452186972,0.999055555556,0.969333333492,96
0.00752038936806,0.245494942546,0.999518518536,0.969166666826,97
0.00726811098446,0.237271676977,0.999537037037,0.970833333492,98
0.00697858137746,0.237904608826,0.999574074074,0.970666666826,99
0.00694629478341,0.238163995703,0.999574074074,0.970333333492,100
0.00693641292159,0.238375119627,0.999574074074,0.970333333492,101
0.00692898619668,0.238354755878,0.999574074074,0.970333333492,102
0.00692326347009,0.238417153994,0.999574074074,0.970166666349,103
0.00691848163922,0.238858075142,0.999574074074,0.969999999682,104
0.00691447847425,0.238771702131,0.999574074074,0.970166666349,105
0.00691083396658,0.239076209803,0.999574074092,0.970166666349,106
0.00690751639773,0.239019730588,0.999574074074,0.970166666349,107
0.00690451272816,0.2396833389,0.999574074074,0.970499999682,108
0.0069018216125,0.239421254853,0.999574074074,0.970499999682,109
0.0068992652764,0.239611999253,0.999574074074,0.970666666349,110
0.00689699891251,0.239992324948,0.999574074074,0.970833333015,111
0.00689472576639,0.24011049523,0.999574074092,0.970999999682,112
0.00689272195446,0.240000936826,0.999574074074,0.970666666349,113
0.00689091514268,0.241306037565,0.999574074074,0.970833333015,114
0.00688915329838,0.241106936157,0.999574074074,0.970666666349,115
0.00688748973944,0.240699678779,0.999574074074,0.970833333015,116
0.00688603485524,0.241231306752,0.999574074074,0.970833333015,117
0.00688456420757,0.241707311571,0.999574074074,0.970999999682,118
0.00688340308846,0.241637516658,0.999574074074,0.970666666349,119
0.00688207620153,0.241918075025,0.999574074074,0.971166666349,120
0.00688097721803,0.242494017621,0.999574074074,0.970666666349,121
0.00687990792544,0.243094924549,0.999574074074,0.970666666349,122
0.00687886555218,0.24297091647,0.999574074074,0.970499999682,123
0.00687795359614,0.243221514801,0.999574074074,0.970666666349,124
0.00687702981208,0.243906820258,0.999574074074,0.970666666349,125
0.00687620604118,0.243817805171,0.999574074092,0.970833333015,126
0.00687544240548,0.244406313638,0.999574074074,0.970666666349,127
0.00687463916204,0.245013291736,0.999574074074,0.970833333015,128
0.00687395532259,0.246076966802,0.999574074092,0.970499999682,129
0.0068733977061,0.245816678047,0.999574074074,0.970499999682,130
0.00687276395158,0.24664055407,0.999574074074,0.970666666349,131
0.00687218425383,0.246483214438,0.999574074074,0.970666666349,132
0.00687164846257,0.24718514055,0.999574074074,0.971166666349,133
0.00687116651896,0.247591888408,0.999574074074,0.970833333015,134
0.0068707093973,0.248728113393,0.999574074074,0.971333333015,135
0.0068702842411,0.24910298868,0.999574074074,0.970999999682,136
0.00686992616509,0.250750536402,0.999574074074,0.970499999682,137
0.00686954178747,0.250474859059,0.999574074074,0.970833333015,138
0.00686920997012,0.251108805219,0.999574074092,0.970166666349,139
0.00686883301739,0.252476403952,0.999574074074,0.970499999682,140
0.00686854343645,0.253074471354,0.999574074074,0.970499999682,141
0.00686826921901,0.253084046324,0.999574074074,0.970666666349,142
0.00686802818792,0.253794532458,0.999574074074,0.970666666349,143
0.00686780676391,0.254809564908,0.999574074074,0.970333333015,144
0.00686757362932,0.255626484354,0.999574074074,0.970166666349,145
0.00686738540031,0.255995908777,0.999574074074,0.970666666349,146
0.00686718413119,0.257808823983,0.999574074074,0.970333333015,147
0.0068670452359,0.258489320397,0.999574074092,0.969833333015,148
0.00686686669943,0.258781014085,0.999574074074,0.970499999682,149
0.00686670889571,0.258837591012,0.999574074092,0.970166666349,150
0.481304589847,0.250066587199,0.858706320275,0.928321386689,1
0.173264812225,0.203399097913,0.949093535323,0.941823637571,2
0.122840005617,0.178358004712,0.963519194097,0.949991665576,3
0.0967677286844,0.174013373352,0.971259791494,0.952825471309,4
0.0776242542372,0.168166356822,0.977018944101,0.955825971293,5
0.0645899970335,0.166774701066,0.981537378943,0.956492749189,6
0.0548027263962,0.170576844713,0.9841484417,0.957326221335,7
0.0467720696727,0.167067881454,0.987185422494,0.959159860175,8
0.0404472439272,0.171791086894,0.988963167352,0.960660110316,9
0.0350615866132,0.17447000578,0.990296475992,0.959993332619,10
0.0289911254497,0.183392889585,0.992814947874,0.960493415967,11
0.0256665035681,0.190502662168,0.993796411182,0.960660110416,12
0.0225773948286,0.188576217117,0.994555656379,0.960660110416,13
0.0189498264559,0.201149314992,0.996148219477,0.959326554724,14
0.016017459141,0.198853830689,0.996629692044,0.960660109512,15
0.0151296653094,0.202289115908,0.997055610082,0.958659777126,16
0.0120811607524,0.208049490171,0.997963000685,0.960160027069,17
0.0103807217386,0.214256790041,0.998333364199,0.959993332719,18
0.00919732810431,0.211779176533,0.998537064128,0.960826804964,19
0.00754485407131,0.217417408842,0.999148163924,0.963160527251,20
0.00724777289994,0.227651611693,0.999148163923,0.960326721617,21
0.00791536608122,0.23882322574,0.998833354938,0.961160193763,22
0.0181950275001,0.254382496825,0.994870465362,0.959493249173,23
0.0232199707704,0.257018438298,0.993351974965,0.958993166024,24
0.0197630556504,0.260835928306,0.994629729081,0.960660110416,25
0.0107768955549,0.253947831289,0.997555600823,0.961160193763,26
0.00934439924168,0.260896079152,0.998648173182,0.961160193862,27
0.00770826739904,0.257919396787,0.999111127572,0.960493416066,28
0.005322476947,0.25424893695,0.999574081961,0.962660443904,29
0.00401481800634,0.252522000019,0.999796300069,0.962827138353,30
0.00374869779846,0.252481053247,0.999796300069,0.962327054907,31
0.00377098075718,0.253699199071,0.999759263717,0.962493749455,32
0.00356341556866,0.258699786168,0.999814818244,0.962827138353,33
0.00361878467544,0.254908463884,0.999796300069,0.962993832703,34
0.00343249689374,0.257848546433,0.999814818244,0.962493749455,35
0.00337725045415,0.261911426918,0.999814818244,0.962493749455,36
0.00333872150121,0.260497662602,0.999814818244,0.963327221601,37
0.00330394110829,0.262365453873,0.999814818244,0.962827138353,38
0.0032794801553,0.263601505234,0.999814818244,0.962827138254,39
0.0032621824333,0.265328975497,0.999814818245,0.963160527251,40
0.0032333707622,0.266692381523,0.999814818244,0.963493916149,41
0.00321265698469,0.269073242852,0.999814818244,0.9633272217,42
0.00319377252537,0.269533665901,0.999814818244,0.962993832802,43
0.00317307456031,0.27292169138,0.999814818244,0.9633272217,44
0.00315548277303,0.273063498406,0.999814818244,0.962827138353,45
0.00314407654646,0.275659064436,0.999814818244,0.9633272217,46
0.00313446246716,0.280288837402,0.999814818244,0.962327055006,47
0.068402361584,0.316271857145,0.98451880521,0.956826137183,48
0.041213131231,0.294269938887,0.990074257884,0.958659776928,49
0.0161150133304,0.271720063783,0.996296364884,0.963493915851,50
0.00933593207723,0.27041924626,0.998611136831,0.963660610499,51
0.00772184574886,0.269292738795,0.999277791153,0.964327388196,52
0.00663292051896,0.272791273734,0.999611118314,0.965327554891,53
0.00572848714261,0.27456755305,0.999648154664,0.96549424934,54
0.00548113128876,0.275249750175,0.999666672839,0.965994332687,55
0.005377304329,0.273583885565,0.999685191015,0.966161027136,56
0.00533375352674,0.274265082832,0.999685191015,0.965827638238,57
0.00530646339692,0.274762810849,0.999685191015,0.965994332687,58
0.00528509239167,0.275083234723,0.999685191015,0.965994332687,59
0.00526729595694,0.275733278742,0.999685191016,0.965994332687,60
0.0052494017621,0.276093517997,0.999685191015,0.965327554891,61
0.00523952485842,0.276496237714,0.999685191015,0.96549424934,62
0.0052253086353,0.276784290839,0.999685191015,0.965327554891,63
0.00521433293153,0.278438749878,0.999685191015,0.96549424934,64
0.00520181939132,0.279269690774,0.999685191015,0.96549424934,65
0.00519348099681,0.27973468982,0.999685191015,0.96549424934,66
0.0051843587916,0.279900506164,0.999685191015,0.965660943789,67
0.00517539499369,0.28073678876,0.999685191015,0.965160860441,68
0.00516797974848,0.281066723666,0.999685191015,0.96549424934,69
0.00516048677186,0.282486604596,0.999685191015,0.965827638238,70
0.00515463742584,0.28255461797,0.999685191015,0.96549424934,71
0.00514991104991,0.284251337099,0.999685191015,0.965327554891,72
0.00514306959653,0.284709136143,0.999685191015,0.965994332687,73
0.00514039288063,0.285078929169,0.999685191016,0.96549424934,74
0.00513454791939,0.286618930531,0.999685191015,0.964660777094,75
0.00512755782206,0.287981808414,0.999685191015,0.965327554891,76
0.00512300473664,0.287801220104,0.999685191015,0.96549424934,77
0.00511929497319,0.290387150292,0.999685191015,0.964994165992,78
0.00511509440754,0.291541110483,0.999685191015,0.965327554891,79
0.00511360643112,0.290450070797,0.999685191015,0.964994165992,80
0.00511424132775,0.294663417022,0.999685191015,0.964160693846,81
0.052991856752,0.342884078796,0.989333530865,0.958493082478,82
0.0443443654981,0.318843621841,0.990574248628,0.961326888113,83
0.0167541014262,0.305623596639,0.996592655692,0.962493749256,84
0.0111518123687,0.29745447157,0.998000037036,0.965660943888,85
0.00940250920705,0.304861784565,0.998888909465,0.963827304948,86
0.00708519669149,0.304974584525,0.999314827503,0.963493915951,87
0.00565758748449,0.304448399857,0.99966667284,0.964327388196,88
0.00553671495312,0.30431327188,0.99966667284,0.964327388196,89
0.00550870262155,0.304491866602,0.999666672839,0.964327388196,90
0.00549352716089,0.303886683666,0.999666672839,0.964827471543,91
0.00548055599144,0.304118897912,0.99966667284,0.964160693846,92
0.00547094733597,0.30461983067,0.999666672839,0.964494082744,93
0.00546324380168,0.304535152557,0.999666672839,0.964327388295,94
0.00545578941854,0.30473803104,0.999666672839,0.964994165992,95
0.00544922022399,0.304522242086,0.999666672839,0.96549424934,96
0.00544428327096,0.305079607005,0.999666672839,0.964994166092,97
0.00543903651123,0.305194121427,0.99966667284,0.965494249439,98
0.00543453000322,0.305599242732,0.999666672839,0.965327554891,99
0.0054303357123,0.306052077463,0.999666672839,0.965660943789,100
0.00542608838057,0.306153056519,0.999666672839,0.96549424934,101
0.00542280142389,0.306411695072,0.999666672839,0.964994166092,102
0.00541919776353,0.306556460373,0.999666672839,0.965160860541,103
0.00541666631277,0.306857039731,0.999666672839,0.964994166092,104
0.00541317788561,0.307699731187,0.999666672839,0.965160860541,105
0.00541065865181,0.308405381562,0.999666672839,0.965494249439,106
0.00540819768203,0.308515929196,0.999666672839,0.965494249439,107
0.0054055297741,0.308508565991,0.999666672839,0.965160860541,108
0.00540330401109,0.308790704067,0.99966667284,0.965327554891,109
0.00540119802159,0.309283075061,0.999666672839,0.965160860541,110
0.0053992594021,0.310057258751,0.999666672839,0.965160860541,111
0.00539735924241,0.310335825318,0.999666672839,0.965160860541,112
0.00539553690599,0.310547047681,0.999666672839,0.965160860441,113
0.00539386790077,0.311186558884,0.999666672839,0.96532755499,114
0.00539226078146,0.311506017707,0.999666672839,0.965160860541,115
0.00539079832981,0.312333126489,0.999666672839,0.96549424934,116
0.00538931490419,0.31294748936,0.999666672839,0.965494249439,117
0.00538801683815,0.31390273538,0.999666672839,0.965327554891,118
0.00538681436861,0.313766653378,0.999666672839,0.965160860541,119
0.00538569946088,0.31431276679,0.999666672839,0.965494249439,120
0.00538484494072,0.315622005453,0.999666672839,0.965660943888,121
0.00538375373671,0.315796308881,0.999666672839,0.966161027235,122
0.00538275161222,0.316769760906,0.999666672839,0.96532755499,123
0.00538208604339,0.316988181623,0.99966667284,0.966161027235,124
0.00538121613593,0.318344131206,0.999666672839,0.965494249439,125
0.00538062172192,0.318046864196,0.99966667284,0.965827638337,126
0.00537981655042,0.318377576377,0.999666672839,0.965994332786,127
0.00537926444898,0.319067111622,0.999666672839,0.965827638337,128
0.00537862608161,0.320544289172,0.999666672839,0.965994332786,129
0.00537832085516,0.320101447241,0.999666672839,0.965827638337,130
0.00537772284532,0.321017253002,0.999666672839,0.965660943888,131
0.00537733106457,0.321827107324,0.999666672839,0.965660943888,132
0.00537688394829,0.324121952092,0.999666672839,0.965494249439,133
0.00537675868435,0.323234906841,0.999666672839,0.965660943888,134
0.0053760469429,0.324703282169,0.999666672839,0.965994332786,135
0.00537573441467,0.325034250171,0.999666672839,0.965994332786,136
0.00537542996663,0.325575778059,0.999666672839,0.96532755499,137
0.00537522846895,0.326678114333,0.999666672839,0.965160860541,138
0.00537499277985,0.327508626677,0.999666672839,0.965494249439,139
0.00537477492025,0.327237314747,0.999666672839,0.965827638337,140
0.0491363744637,0.456119896497,0.992648284294,0.954159026802,141
0.0648222566002,0.36633927057,0.988870576472,0.960493415867,142
0.0248527754577,0.345240092904,0.995407492457,0.960993499413,143
0.0150135899571,0.34664026643,0.998055591563,0.963993999497,144
0.0108644247436,0.360284224975,0.998648173182,0.962827138154,145
0.00814482927862,0.337546681037,0.999185200274,0.9633272217,146
0.00626354074683,0.339922834419,0.99953704561,0.964994166092,147
0.00583639123345,0.339876768072,0.999611118313,0.965160860441,148
0.00562669498261,0.337523165296,0.999629636488,0.964827471643,149
0.00544429831745,0.337623794822,0.999666672839,0.964994166191,150
0.518805827409,0.254874912142,0.847206533234,0.925487581452,1
0.175770799184,0.193583658172,0.947834299378,0.944990831895,2
0.125280172597,0.168022238427,0.963056239707,0.952492081904,3
0.097319426709,0.160132179321,0.970630173519,0.958993165319,4
0.0785920985685,0.151105240939,0.976944871399,0.959493248567,5
0.0646612523293,0.149482933079,0.980407770233,0.958159692875,6
0.054277675016,0.147753468415,0.984389177984,0.96149358276,7
0.0453872855333,0.152722810776,0.987407640606,0.958826470572,8
0.0383797962679,0.151677769181,0.989574267149,0.96082680406,9
0.0327227169091,0.152795111568,0.991111275719,0.961993666008,10
0.0279561398898,0.156012527683,0.993037165978,0.962660443705,11
0.0238951755977,0.159706312903,0.994351956445,0.960826804765,12
0.0204768908147,0.170077981562,0.995481565157,0.960660110416,13
0.0175305514348,0.172055299545,0.996518582993,0.962160360358,14
0.0168028587109,0.18401479656,0.996425992111,0.957659610332,15
0.0145980900413,0.182261339218,0.997055610082,0.960826804964,16
0.011911490328,0.194047585828,0.998129664265,0.959993332719,17
0.0108370734465,0.192655302973,0.998481509602,0.95982663827,18
0.0140614091578,0.196764739842,0.997481528122,0.960326721418,19
0.0176732484384,0.197445184817,0.996055628602,0.961993666108,20
0.0146173729678,0.203877941479,0.997018573731,0.96166027711,21
0.0118032831795,0.205777284612,0.99794448251,0.962660443606,22
0.0109560737419,0.204141642585,0.998351882374,0.962993832603,23
0.0073813530367,0.199595076479,0.999351863854,0.963660610499,24
0.00577429840101,0.201079227799,0.999685191015,0.963660610499,25
0.00518190315598,0.203024663199,0.999740745542,0.963327221502,26
0.00493724221375,0.204194587556,0.999740745542,0.9636606104,27
0.00477845402838,0.20439379532,0.999740745542,0.963993999298,28
0.00467607712111,0.20839856417,0.999759263717,0.963827304849,29
0.00457776434815,0.209447259639,0.999759263717,0.9636606104,30
0.00451373766305,0.21089761684,0.999759263717,0.964494082546,31
0.00445950990028,0.214308453691,0.999759263718,0.963993999298,32
0.00438019758604,0.215787514533,0.999759263717,0.964160693747,33
0.00432551961559,0.217128845657,0.999759263717,0.964327388097,34
0.00428349717315,0.220645379414,0.999759263717,0.963993999298,35
0.00424275333129,0.221752577483,0.999759263717,0.963327221502,36
0.0445151062882,0.291625736142,0.989148349111,0.953992331847,37
0.0446763094624,0.250092054866,0.988185403982,0.959326554823,38
0.0177620668923,0.244204617578,0.995777855966,0.960993499215,39
0.00754040046517,0.232237530169,0.998851873113,0.964160693648,40
0.0060988145824,0.224307012846,0.999462972908,0.963827304749,41
0.00615616452843,0.232888763222,0.999611118313,0.964160693548,42
0.00404777057239,0.229566552762,0.999740745542,0.964660776995,43
0.00349407858976,0.226632589046,0.999814818244,0.96549424924,44
0.00336831005057,0.227203452335,0.999814818244,0.965327554791,45
0.00331998888183,0.227593580007,0.999814818244,0.965994332587,46
0.00328679143897,0.227695730599,0.999814818244,0.96549424924,47
0.00325704710643,0.228277507229,0.999814818244,0.965827638138,48
0.00323284786273,0.229015808147,0.999814818244,0.965660943689,49
0.003216041744,0.230474687712,0.999814818244,0.96566094359,50
0.00319578606918,0.231730715086,0.999814818244,0.966161026937,51
0.00318004265662,0.231048009429,0.999814818244,0.965994332488,52
0.0031642739411,0.232351295805,0.999814818244,0.966161026937,53
0.00315089363852,0.233613552705,0.999814818244,0.966161026937,54
0.00313742120744,0.234734622558,0.999814818244,0.965827638039,55
0.00312579100808,0.235933785203,0.999814818244,0.966494415835,56
0.00311614160893,0.236654538751,0.999814818244,0.96566094359,57
0.0031048586594,0.237425707729,0.999814818244,0.965494249141,58
0.00309577154413,0.238870318159,0.999814818244,0.965494249141,59
0.00308633921655,0.239239013454,0.999814818244,0.965827638039,60
0.00307763989821,0.240469590694,0.999814818244,0.964827471345,61
0.00307075295174,0.242238051073,0.999814818244,0.96566094359,62
0.00306327981665,0.243722761503,0.999814818244,0.965494249141,63
0.00305705881399,0.244103256484,0.999814818244,0.96566094359,64
0.00304977616249,0.245531652138,0.999814818244,0.965494249141,65
0.00304570834423,0.246415508913,0.999814818244,0.965494249141,66
0.00304048847455,0.246867921705,0.999814818244,0.964494082446,67
0.00303430787068,0.248297077136,0.999814818244,0.965994332488,68
0.003030328593,0.250013373625,0.999814818244,0.965160860243,69
0.00302612478416,0.25097245277,0.999814818244,0.96566094359,70
0.0030221419651,0.252548876179,0.999814818244,0.966327721386,71
0.00301865582482,0.253175133642,0.999814818244,0.965827638039,72
0.00301527174469,0.255118319344,0.999814818244,0.965827638039,73
0.0157536768165,0.460080417097,0.997240791842,0.941323553816,74
0.0798769260482,0.300857209647,0.982426251368,0.960326720713,75
0.0203200700591,0.275352325772,0.995000092592,0.964327388196,76
0.0104925582093,0.272857760957,0.99807410974,0.962827138154,77
0.00609400489803,0.261606682388,0.999129645747,0.963993999397,78
0.00411050925394,0.260955395396,0.999611118313,0.963993999397,79
0.00334733384856,0.259668265115,0.999759263717,0.964160693846,80
0.00318053085254,0.258835613216,0.999814818244,0.964494082744,81
0.00314886980717,0.258789413993,0.999814818244,0.964660777194,82
0.00312983917028,0.258653645134,0.999814818244,0.964827471643,83
0.00311565056239,0.258598039629,0.999814818244,0.964327388295,84
0.00310322453096,0.25859358398,0.999814818244,0.964327388295,85
0.00309321572551,0.258950740154,0.999814818244,0.964327388295,86
0.00308441696739,0.258630283566,0.999814818244,0.964660777194,87
0.00307622952916,0.258708658636,0.999814818244,0.964160693846,88
0.00306960867559,0.258851948182,0.999814818244,0.964160693846,89
0.00306287313861,0.258950529178,0.999814818244,0.964160693846,90
0.00305761577622,0.258953391537,0.999814818244,0.964160693846,91
0.00305212569761,0.25898038955,0.999814818244,0.964494082744,92
0.00304739781704,0.259190840698,0.999814818244,0.964160693846,93
0.00304280264269,0.259521645031,0.999814818244,0.964660777194,94
0.00303829012856,0.25989792745,0.999814818244,0.964827471643,95
0.00303477644391,0.260171590661,0.999814818244,0.964327388295,96
0.00303104916737,0.260707893626,0.999814818244,0.964494082744,97
0.003027664259,0.260573311585,0.999814818244,0.964494082744,98
0.00302444368565,0.261481999064,0.999814818244,0.964327388295,99
0.00302175658028,0.261437462914,0.999814818244,0.96532755499,100
0.00301914556799,0.261950184855,0.999814818244,0.964994166092,101
0.0030166827473,0.262712804421,0.999814818244,0.964994166092,102
0.00301433477854,0.262824523144,0.999814818244,0.964660777194,103
0.00301225703142,0.263549994411,0.999814818244,0.965660943888,104
0.00300996120944,0.262916502719,0.999814818244,0.965494249439,105
0.00300814583813,0.263840662562,0.999814818244,0.96532755499,106
0.00300646697056,0.264321397758,0.999814818244,0.965660943888,107
0.00300473616641,0.264737825912,0.999814818244,0.96532755499,108
0.00300318140735,0.265481636964,0.999814818244,0.965494249439,109
0.00300179079557,0.265287651929,0.999814818244,0.965827638337,110
0.00300060180938,0.266263621502,0.999814818244,0.965660943888,111
0.00299926294451,0.26645833535,0.999814818245,0.965994332786,112
0.00299818149937,0.266674022647,0.999814818244,0.966494416133,113
0.00299702321234,0.267928945067,0.999814818244,0.965660943888,114
0.00299601175704,0.268376952629,0.999814818244,0.966327721684,115
0.00299507367338,0.268771977569,0.999814818244,0.966327721684,116
0.00299430558478,0.268349160203,0.999814818244,0.965827638337,117
0.00299356397102,0.270285038739,0.999814818244,0.966494416133,118
0.00299268932812,0.269283383836,0.999814818244,0.966161027235,119
0.00299207422677,0.270024176513,0.999814818244,0.965994332786,120
0.00299142631547,0.271857910706,0.999814818244,0.966327721684,121
0.00299083907771,0.272450764515,0.999814818244,0.966161027235,122
0.00299032852106,0.273429931686,0.999814818244,0.966161027235,123
0.00298988746325,0.274079371142,0.999814818244,0.966327721684,124
0.00298937960214,0.274153624645,0.999814818244,0.966161027235,125
0.00298905750574,0.274772136032,0.999814818245,0.965994332786,126
0.00298866602526,0.27569982795,0.999814818244,0.96716119393,127
0.0029883651974,0.277114954615,0.999814818244,0.966994499481,128
0.00298792207335,0.277000438478,0.999814818244,0.966494416133,129
0.00298762696324,0.277714251866,0.999814818244,0.966827805032,130
0.0029873421463,0.278196518655,0.999814818244,0.966494416133,131
0.0029871022858,0.279308535041,0.999814818244,0.966327721684,132
0.0029868665353,0.281168532682,0.999814818244,0.966994499481,133
0.00298672568866,0.28198420984,0.999814818244,0.966161027235,134
0.00298652377552,0.281801080764,0.999814818244,0.966327721684,135
0.00298637109257,0.283350532115,0.999814818244,0.966661110582,136
0.00298624205131,0.284453796469,0.999814818244,0.966327721684,137
0.00298606420759,0.284112486219,0.999814818244,0.966827805032,138
0.00298596379054,0.286232481163,0.999814818244,0.966494416133,139
0.0029858511281,0.285389767207,0.999814818244,0.966994499481,140
0.002985747746,0.287131657872,0.999814818244,0.966661110582,141
0.00298566456631,0.287854099283,0.999814818244,0.967327888379,142
0.00298557919285,0.288381352487,0.999814818244,0.966827805032,143
0.00298551219904,0.288013746344,0.999814818244,0.966494416133,144
0.00298545360465,0.289764869986,0.999814818244,0.967661277178,145
0.00298540778409,0.290946739955,0.999814818244,0.966994499481,146
0.00298534334467,0.291166995094,0.999814818244,0.96716119393,147
0.00298528836927,0.292725681489,0.999814818244,0.966661110582,148
0.00298524368354,0.293116364341,0.999814818244,0.967327888379,149
0.00298520695522,0.294449945071,0.999814818244,0.966994499481,150
0.479847897835,0.263601016291,0.85646562102,0.925320886914,1
0.178268118567,0.212608300108,0.946945426944,0.940823470678,2
0.128909761029,0.188383118464,0.96127849485,0.948658109784,3
0.100514079458,0.174587533865,0.969926482852,0.95299216556,4
0.0820417155365,0.173037201555,0.975926371737,0.954825804499,5
0.0668527919592,0.171820866301,0.980204070299,0.956659443439,6
0.0570153251009,0.168298679663,0.983426232851,0.954992499048,7
0.0475092049845,0.165954808683,0.986278031893,0.957826304583,8
0.0400689315708,0.173405925264,0.988852058296,0.95832638793,9
0.0340805561119,0.169311598141,0.990833503087,0.958493082478,10
0.029519189291,0.172710238261,0.992037184498,0.959493249074,11
0.0245747977551,0.18275919366,0.993537156719,0.957326221236,12
0.0203734584094,0.177627284465,0.995166756174,0.959493249074,13
0.0174809728432,0.187891877876,0.995981555897,0.958826471476,14
0.0171633353416,0.189601705654,0.995740819616,0.958659776928,15
0.0134017510668,0.195496560775,0.997074128258,0.958659776828,16
0.0112996210366,0.196353273556,0.997777818929,0.958993165925,17
0.00973708456093,0.206312560468,0.998222255143,0.959493249074,18
0.00772334303128,0.213649181177,0.998851873113,0.957492915685,19
0.00697788983749,0.217976295048,0.999203718451,0.958326388129,20
0.00603875554609,0.215640092069,0.999277791152,0.960493415768,21
0.00607044340378,0.226017933276,0.999388900206,0.958493082478,22
0.0110455654488,0.257100976019,0.997240791839,0.955492582395,23
0.0236523103526,0.268360059929,0.992759393348,0.955159193497,24
0.0183250678617,0.261423029181,0.994611210906,0.953825637904,25
0.0152173117445,0.259767251251,0.996259328534,0.956992832437,26
0.00867372077675,0.247172210488,0.998592618659,0.956492749189,27
0.00517654913834,0.246709726086,0.99953704561,0.958659776928,28
0.00377016494031,0.244308097104,0.999722227366,0.959159860275,29
0.00312299808618,0.245643080257,0.999796300069,0.958493082478,30
0.00263220069245,0.250124111945,0.999870372771,0.958493082478,31
0.0024354715435,0.25030730661,0.999888890948,0.958659776928,32
0.00235378892309,0.25327684103,0.999888890946,0.958993165826,33
0.00228860959598,0.252355201987,0.999888890946,0.958326388029,34
0.00225361821606,0.253225640414,0.999888890946,0.958659776928,35
0.00221564099914,0.256548028998,0.999888890946,0.958826471377,36
0.00216515614381,0.257744048984,0.999888890946,0.958826471377,37
0.00213981668619,0.259305151448,0.999888890946,0.958993165826,38
0.00210444575089,0.260319781974,0.999888890946,0.958493082478,39
0.00207363418949,0.264923479117,0.999888890946,0.958826471377,40
0.00204609372174,0.267117200764,0.999888890946,0.959659943622,41
0.00202510548978,0.266979331609,0.999888890946,0.959493249173,42
0.00201222028566,0.268335410249,0.999888890946,0.959493249173,43
0.00199014242042,0.272099520548,0.999888890946,0.959493249173,44
0.00196627912073,0.274497036557,0.999888890946,0.959326554624,45
0.0019583543821,0.275872219993,0.999888890946,0.958493082478,46
0.00193381858338,0.279029655472,0.999888890946,0.958993165826,47
0.00192034640487,0.282260327466,0.999888890946,0.958326388029,48
0.00190888503001,0.283424280856,0.999888890946,0.958326388029,49
0.00189722970233,0.286754904026,0.999888890948,0.958659776928,50
0.00188569029412,0.287774622512,0.999888890946,0.958993165826,51
0.00187634122603,0.291141784522,0.999888890946,0.95815969358,52
0.00186872005855,0.293855932312,0.999888890946,0.958659776928,53
0.0061429927968,0.450257354375,0.998981500346,0.93665610955,54
0.0822105913301,0.334260418122,0.98116701543,0.953492249006,55
0.0233256612299,0.310923848086,0.993574193072,0.956826137888,56
0.00741643458594,0.313096716595,0.998611136832,0.959159860175,57
0.00586645003405,0.313652465206,0.999222236625,0.959159860175,58
0.0035163616207,0.302523291609,0.999740745543,0.959493249074,59
0.00296684968534,0.301488867629,0.999777781893,0.960826804666,60
0.00272140819279,0.298717712669,0.99983333642,0.960993499115,61
0.00263248433515,0.299042377271,0.999851854595,0.961493582462,62
0.0026006890772,0.298461373825,0.999851854595,0.961660276912,63
0.00257802576929,0.299037144748,0.999851854595,0.961493582462,64
0.00255947364284,0.298996448159,0.999851854595,0.961660276912,65
0.00254486563615,0.299632371021,0.999851854595,0.96199366581,66
0.00253137774591,0.299361196436,0.999851854595,0.961493582462,67
0.00252094404209,0.299671547642,0.999851854595,0.961160193564,68
0.00250974826849,0.300389877611,0.999851854595,0.960326721418,69
0.00250090578469,0.301120438793,0.999851854595,0.960493415867,70
0.00249168212825,0.301585017678,0.999851854595,0.960993499115,71
0.00248440913368,0.302059317168,0.999851854595,0.960493415867,72
0.00247769703096,0.303016239046,0.999851854595,0.960493415867,73
0.0024702297351,0.303879616362,0.999851854595,0.960493415867,74
0.00246448418983,0.30326696503,0.999851854595,0.960826804765,75
0.00245878045304,0.304858549061,0.999851854596,0.960660110316,76
0.00245383344958,0.305104682335,0.999851854595,0.960493415867,77
0.00244875763012,0.306246457221,0.999851854595,0.960160026969,78
0.00244422003033,0.307751816287,0.999851854595,0.959826638071,79
0.00243995211171,0.308184969592,0.999851854595,0.960160026969,80
0.00243571806129,0.308866818831,0.999851854595,0.95999333252,81
0.00243145015564,0.309823096193,0.999851854595,0.960326721418,82
0.00242885189344,0.310098792992,0.999851854595,0.959826638071,83
0.00242552220507,0.312135741753,0.999851854595,0.959826638071,84
0.00242276618203,0.31218330699,0.999851854595,0.960493415867,85
0.00241948221765,0.312808935087,0.999851854595,0.960160026969,86
0.00241707726824,0.314491782793,0.999851854595,0.960493415867,87
0.00241458031358,0.315354656388,0.999851854595,0.959659943622,88
0.00241231239529,0.316199153997,0.999851854595,0.960493415867,89
0.00241139845652,0.318219799566,0.999851854595,0.95999333252,90
0.00240879572352,0.319283019428,0.999851854595,0.960326721418,91
0.00240665244775,0.320182171282,0.999851854595,0.960326721418,92
0.00240509245022,0.32250673595,0.999851854595,0.959659943622,93
0.00240356180525,0.323602491711,0.999851854595,0.960660110316,94
0.00240207030778,0.32474101551,0.999851854595,0.960160026969,95
0.002400920913,0.327106196946,0.999851854595,0.959826638071,96
0.00239953844229,0.327582932535,0.999851854595,0.960326721418,97
0.00239856090843,0.329460215292,0.999851854595,0.959826638071,98
0.00239766521511,0.329550865884,0.999851854595,0.960326721418,99
0.00239663535524,0.33021227468,0.999851854595,0.960160026969,100
0.00239579272923,0.331556105886,0.999851854595,0.960160026969,101
0.00239517264704,0.3342241538,0.999851854595,0.95999333252,102
0.00239432128715,0.335619062478,0.999851854595,0.960326721418,103
0.00239371797495,0.337686296967,0.999851854595,0.960160026969,104
0.00239304024103,0.339745476435,0.999851854595,0.959659943622,105
0.00239276896987,0.340747518606,0.999851854595,0.960160026969,106
0.0023922524099,0.343117663323,0.999851854595,0.960326721418,107
0.00239176422871,0.342574627429,0.999851854595,0.959493249173,108
0.0023913700043,0.344273247502,0.999851854595,0.959659943622,109
0.00239107510405,0.346726494395,0.999851854595,0.959493249173,110
0.00239071206326,0.3483946041,0.999851854595,0.95999333252,111
0.00239041653466,0.349118117534,0.999851854595,0.959493249173,112
0.00239014985442,0.35075318937,0.999851854595,0.959659943622,113
0.00238998769414,0.354141262777,0.999851854595,0.959493249173,114
0.00238985458397,0.353808210731,0.999851854595,0.959826638071,115
0.00238972507195,0.362016956065,0.999851854595,0.959159860175,116
0.0942566836993,0.401554907997,0.983926223588,0.95649274909,117
0.032255974355,0.379939170768,0.993648265774,0.958826471377,118
0.0146346258898,0.37477470098,0.997277828191,0.958993165826,119
0.00829273422982,0.366558936133,0.998814836762,0.958993165826,120
0.00642863598077,0.358656663878,0.999259272976,0.959659943622,121
0.00503075028894,0.358550350022,0.999592600137,0.960660110316,122
0.00495627896957,0.351582807096,0.999462972908,0.960660110217,123
0.00545377918511,0.349351883864,0.999500009259,0.960326721418,124
0.00659180371214,0.365878369671,0.999148163923,0.960160026969,125
0.00998949607097,0.385598424992,0.998092627915,0.957159526886,126
0.0101300367662,0.383350678358,0.997963000686,0.958659776828,127
0.0119471797851,0.37353100331,0.997685228051,0.960160026969,128
0.00941017375289,0.349696740824,0.998092627914,0.961826971361,129
0.00641262690767,0.370506327072,0.999092609396,0.959326554624,130
0.00613473520528,0.351178150062,0.998851873113,0.960826804666,131
0.0054955797784,0.370546692216,0.999055573045,0.959826638071,132
0.00376152839301,0.3542212948,0.999518527435,0.961326888013,133
0.0029241334874,0.355290777448,0.999796300069,0.961993665909,134
0.00287953164581,0.348236329067,0.999777781893,0.961493582462,135
0.00282561274624,0.348571366957,0.999777781893,0.96199366581,136
0.00275394375203,0.345813297718,0.99983333642,0.962993832504,137
0.00271597392034,0.34543949841,0.99983333642,0.962993832504,138
0.00271015116617,0.34535361781,0.99983333642,0.962993832504,139
0.0027075190082,0.345109872404,0.99983333642,0.963493915851,140
0.0027055744127,0.344979403418,0.99983333642,0.963493915851,141
0.00270394913606,0.345038540839,0.99983333642,0.963327221402,142
0.0027026699847,0.345046015166,0.99983333642,0.963327221402,143
0.00270146611019,0.344942633843,0.99983333642,0.9636606103,144
0.00270044048328,0.344990635951,0.99983333642,0.9636606103,145
0.00269950745686,0.344918894957,0.99983333642,0.963493915851,146
0.00269863859525,0.345149513197,0.99983333642,0.963493915851,147
0.00269787709176,0.345196280927,0.99983333642,0.9636606103,148
0.00269714016745,0.345471819223,0.99983333642,0.963493915851,149
0.00269644867297,0.34574319694,0.99983333642,0.963493915851,150
0.508490555882,0.240748374412,0.850508304992,0.927463731439,1
0.179758319858,0.183444227246,0.94685480426,0.943304986154,2
0.129201376377,0.171979179094,0.961298446515,0.949141236977,3
0.100777449083,0.157317338908,0.970260911508,0.953143237978,4
0.0813587673746,0.153836830996,0.976149473266,0.955144238478,5
0.0667941963786,0.145300137086,0.98038997839,0.958979489884,6
0.056176767618,0.144911442381,0.983649056578,0.957812239592,7
0.0464688421508,0.149348737305,0.987315519585,0.957812238956,8
0.0403121393714,0.155614575863,0.989130233539,0.955477738561,9
0.0336094035466,0.15128665628,0.991000499983,0.958479239123,10
0.0282525770006,0.161869482729,0.992593004103,0.958479239759,11
0.0240604684325,0.16209646731,0.99374108848,0.958979489437,12
0.0201006954713,0.173494473942,0.995074347743,0.95831248927,13
0.0176165855692,0.171747947347,0.996277984556,0.958312489717,14
0.0147437806076,0.174365700007,0.997148306598,0.960146739729,15
0.0130896205504,0.179422736769,0.997389033943,0.958145739676,16
0.011585576828,0.194658171545,0.998000111105,0.95831248927,17
0.0110304736451,0.192254426351,0.997944558636,0.958812739584,18
0.0090499108489,0.200706635721,0.998500083329,0.959312990156,19
0.00813784047823,0.200665293981,0.998685258226,0.958145739417,20
0.0102202170662,0.212159089402,0.998296390941,0.959146239926,21
0.0200343731858,0.223030063069,0.994666962958,0.955477739197,22
0.0209589456126,0.229743749395,0.994315130652,0.958812739584,23
0.0209293789036,0.226975149078,0.995074347766,0.959146240115,24
0.0138243683967,0.213871069525,0.996500194445,0.961647490104,25
0.010313991849,0.217847592148,0.998018628606,0.959813239834,26
0.00771356543492,0.221841790581,0.998759328185,0.961814240334,27
0.00556090471603,0.223038167492,0.999518545266,0.962647990354,28
0.00383803770029,0.216854863372,0.999814825102,0.963815241282,29
0.00347517984797,0.219691894155,0.999833342592,0.963815241282,30
0.00336144235416,0.220133469187,0.999833342592,0.963815240835,31
0.00329036707939,0.220544527526,0.999833342592,0.964315490771,32
0.00322135174708,0.223712271713,0.999833342592,0.963648490604,33
0.00317603263533,0.225642124563,0.999833342592,0.962814741032,34
0.00313875454717,0.226739935245,0.999833342592,0.96364849124,35
0.00309895311143,0.228177021727,0.999833342603,0.963981991323,36
0.00416988495867,0.261076845416,0.999425957828,0.960313490218,37
0.0453993379193,0.261004369975,0.986778512338,0.956311488581,38
0.0241313442888,0.245366333375,0.99285224896,0.962147740229,39
0.00988008630352,0.245857471443,0.997555691362,0.962314490459,40
0.00664928260758,0.239061986931,0.998870433124,0.963648490793,41
0.0049250833808,0.23699315384,0.999629650205,0.963981991323,42
0.00333944516297,0.235756874591,0.999796307613,0.964148740918,43
0.00288851521077,0.230915137186,0.999833342592,0.965649491293,44
0.00275561296159,0.232846139878,0.999851860082,0.965816241335,45
0.0027060731393,0.233940410171,0.999851860082,0.965816241335,46
0.00267250753416,0.233709173946,0.999851860082,0.965649491293,47
0.00264698748032,0.23461086196,0.999851860082,0.96631649146,48
0.00262450951081,0.236158774319,0.999851860082,0.965649491293,49
0.00260493061183,0.236277731753,0.999851860093,0.96631649146,50
0.00258872771255,0.236902340921,0.999851860082,0.965982991376,51
0.00257333498851,0.238315310501,0.999851860082,0.96531599121,52
0.00256040493348,0.239511028983,0.999851860082,0.965816241335,53
0.00254710780013,0.240851019648,0.999851860082,0.965982991376,54
0.00253388103877,0.241922869232,0.999851860082,0.965982991376,55
0.00252369676922,0.242827974679,0.999851860082,0.965482741251,56
0.00251269774819,0.243947272462,0.999851860082,0.965649491293,57
0.00250427129283,0.243947841743,0.999851860082,0.965816241335,58
0.00249433349365,0.2445152537,0.999851860082,0.96531599121,59
0.0024863396501,0.246858816276,0.999851860082,0.965816241335,60
0.00247917128738,0.246754514827,0.999851860082,0.965649491293,61
0.00247193095174,0.249800718798,0.999851860082,0.965649491293,62
0.00246499148706,0.251074991535,0.999851860082,0.96531599121,63
0.00245854296107,0.251703583968,0.999851860082,0.96531599121,64
0.00245198299937,0.251920011723,0.999851860093,0.965649491293,65
0.00244684679727,0.253633311058,0.999851860082,0.965649491293,66
0.00244663789607,0.259736038271,0.999851860082,0.964648991043,67
0.0868251777979,0.299478242014,0.981797307579,0.956978488937,68
0.0286579041164,0.26479948051,0.993018906368,0.962147740865,69
0.0161367428096,0.274420354641,0.997407551432,0.960480240448,70
0.00971853652597,0.281316375323,0.998685258226,0.96264799099,71
0.00624535994972,0.287555597187,0.999555580246,0.961980990376,72
0.00580099433556,0.276334803035,0.999555580246,0.962981491073,73
0.00574944325146,0.273902447557,0.999555580246,0.964482241449,74
0.00517440586326,0.27130195826,0.999666685184,0.965149240979,75
0.00468220730911,0.271951120318,0.999722237653,0.964982490938,76
0.0046483664825,0.272010396048,0.999722237653,0.964648990854,77
0.0046295700461,0.271582471195,0.999722237653,0.964648990854,78
0.00461415258308,0.272195106554,0.999722237653,0.964482240812,79
0.00460308568882,0.272417612701,0.999722237653,0.964482240812,80
0.00459251222241,0.272968351841,0.999722237653,0.964482240812,81
0.0045837474951,0.272685868732,0.999722237653,0.964482240812,82
0.00457608765783,0.27355053679,0.999722237653,0.964648990854,83
0.00456836728854,0.273791022975,0.999722237653,0.964482241449,84
0.00456157600875,0.273958541094,0.999722237653,0.964482241449,85
0.00455579671523,0.274270359965,0.999722237653,0.963981991323,86
0.00454945344195,0.273863886234,0.999722237653,0.96464899149,87
0.00454429485707,0.274936811898,0.999722237653,0.964482241449,88
0.00454004642557,0.275377150345,0.999722237653,0.96464899149,89
0.00453493513922,0.276647695049,0.999722237653,0.964482241449,90
0.0045309308712,0.276153431001,0.999722237653,0.964815741532,91
0.00452701788418,0.275870945039,0.999722237653,0.96464899149,92
0.00452328904172,0.276711922637,0.999722237653,0.96464899149,93
0.00451995196952,0.277486746244,0.999722237653,0.964482241449,94
0.00451665723175,0.27799014316,0.999722237653,0.964815741532,95
0.00451389820101,0.278632238097,0.999722237653,0.96464899149,96
0.00451137227242,0.279076631176,0.999722237653,0.964815741532,97
0.00450881621575,0.279359934518,0.999722237653,0.964982491574,98
0.00450625144751,0.28064398437,0.999722237653,0.964982491574,99
0.00450388690358,0.28128348483,0.999722237653,0.96464899149,100
0.00450154894548,0.281358942601,0.999722237653,0.965315991657,101
0.00450025731659,0.282439797317,0.999722237653,0.964815741532,102
0.00449833542117,0.283514590945,0.999722237653,0.964815741532,103
0.0044961547727,0.28570127847,0.999722237653,0.964482241449,104
0.00449481087962,0.284954829228,0.999722237653,0.964482241449,105
0.00449305709266,0.286101048303,0.999722237665,0.965149241615,106
0.00449181584865,0.286477842102,0.999722237653,0.964315491407,107
0.00449066026932,0.288831582482,0.999722237653,0.96464899149,108
0.00448972223958,0.288960770426,0.999722237653,0.964315491407,109
0.00448835569726,0.2902846706,0.999722237653,0.964815741532,110
0.00448736420577,0.291113827852,0.999722237653,0.964982491574,111
0.00448662011549,0.292005575347,0.999722237653,0.96464899149,112
0.00448570605527,0.294081127085,0.999722237653,0.964482241449,113
0.00448486689371,0.295019230814,0.999722237653,0.96464899149,114
0.00448428459179,0.294567201621,0.999722237653,0.964815741532,115
0.00448360733605,0.296173548438,0.999722237653,0.96531599121,116
0.00448299406701,0.295405092191,0.999722237653,0.965149241615,117
0.00448238795307,0.298419950832,0.999722237653,0.96464899149,118
0.00448180582944,0.297753948151,0.999722237653,0.96464899149,119
0.00448139249346,0.298557207935,0.999722237653,0.965482741251,120
0.00448098587209,0.301833941934,0.999722237653,0.964982491574,121
0.00448070569108,0.301543098133,0.999722237653,0.965649491293,122
0.00448030921692,0.30356453428,0.999722237653,0.965149241168,123
0.00447996177167,0.305082460185,0.999722237653,0.964482241001,124
0.00447966039313,0.304823058992,0.999722237653,0.965315991657,125
0.0044794399129,0.306731033627,0.999722237653,0.96531599121,126
0.00447921761336,0.307755170444,0.999722237653,0.96531599121,127
0.00447902795103,0.308918757162,0.999722237653,0.964982491574,128
0.00447883241201,0.310399134208,0.999722237653,0.96531599121,129
0.00447861896827,0.310527990147,0.999722237653,0.964982491126,130
0.00447845727264,0.312524466926,0.999722237653,0.965149241168,131
0.00447831322694,0.314804566668,0.999722237653,0.965149241168,132
0.00447819650504,0.314033298547,0.999722237653,0.965482741251,133
0.0044780979026,0.316159990523,0.999722237653,0.964815741085,134
0.00447799081088,0.318087972799,0.999722237653,0.964982491126,135
0.00447788816466,0.31948761524,0.999722237653,0.964982491126,136
0.00447781912823,0.319079234677,0.999722237653,0.964482241001,137
0.00447773855334,0.320528072676,0.999722237653,0.964648991043,138
0.0784885927453,0.36716885455,0.987167379634,0.960146740176,139
0.0439124772094,0.341371364339,0.992463381675,0.961313990468,140
0.0198775123319,0.325734401079,0.997000166657,0.96264799099,141
0.0166828321706,0.320560001424,0.998000111116,0.96431549096,142
0.0094250031723,0.312897841334,0.998814880666,0.964982491574,143
0.0067078441367,0.311082833207,0.999518545266,0.964148741365,144
0.00617300742328,0.306118291786,0.999592615225,0.963815241282,145
0.00602780843718,0.306208425867,0.999629650216,0.964482241001,146
0.00601261481808,0.306049984039,0.999629650205,0.964482241001,147
0.00600675827214,0.305949839718,0.999629650205,0.964982491126,148
0.00600279482145,0.305984497259,0.999629650205,0.964648991043,149
0.00599953924853,0.306007237032,0.999629650205,0.964815741085,150
0.479656597401,0.183637444678,0.857306866061,0.947965310604,1
0.182510978164,0.144274238569,0.945485519719,0.961974649528,2
0.131803339557,0.130468884176,0.961558403055,0.965810540122,3
0.101784737055,0.120741092678,0.97050218509,0.966144096263,4
0.0819029759131,0.116154976353,0.976149914931,0.9683122079,5
0.0685313321723,0.118377979375,0.980112584385,0.968812541893,6
0.0581504761015,0.112857898626,0.983630842248,0.971147431383,7
0.0480225701227,0.115369849479,0.987019480061,0.97181454279,8
0.0412725711083,0.118949083685,0.988815643286,0.969979987055,9
0.0356361058044,0.110723881323,0.990426635108,0.974149433154,10
0.0310312715945,0.122641308118,0.992111695452,0.971480987524,11
0.0273792169833,0.12463770444,0.993463447174,0.971647765376,12
0.0235333833935,0.136223145152,0.994444856003,0.969146097597,13
0.0206982033193,0.124485174344,0.995018887534,0.972148098494,14
0.0162644342097,0.133235364198,0.996907636516,0.97114743182,15
0.0152458737332,0.133099351508,0.997055773668,0.973982654865,16
0.0139680488153,0.141703314209,0.997148359381,0.971647764938,17
0.0108191878896,0.135443468643,0.998611213984,0.972314876783,18
0.0101802265947,0.140600810177,0.998481594,0.972481654635,19
0.010557380217,0.140159855929,0.997981631012,0.972481654635,20
0.0106990808286,0.154343620509,0.997926079594,0.969979986419,21
0.0141399632093,0.168595349554,0.997148359381,0.968979319745,22
0.0180141465706,0.162808039035,0.995944744878,0.970813875679,23
0.0164229916074,0.166402187981,0.996389156359,0.970813875679,24
0.0126482472585,0.164344295432,0.996815050781,0.970647098463,25
0.00981325111929,0.169196646698,0.997907562403,0.970647097827,26
0.0104056523776,0.164809887214,0.99835197395,0.970313542123,27
0.00722190320681,0.164525748333,0.998944522628,0.971480987086,28
0.00527340018231,0.15837609084,0.999537071328,0.972314876783,29
0.0040396400582,0.160763812371,0.999814828531,0.972314876346,30
0.00414125640298,0.160653595073,0.999611139916,0.972314876346,31
0.00377103932649,0.16147363999,0.999796311384,0.971647765574,32
0.00356107838656,0.162271433965,0.999796311384,0.972481654635,33
0.00346450022419,0.164046559277,0.999814828531,0.972815210339,34
0.00340261246363,0.164440279626,0.999814828531,0.971814543228,35
0.00336120674159,0.165417568973,0.999814828531,0.972981988191,36
0.00333299604138,0.165757474003,0.999814828531,0.972481654635,37
0.00330241054666,0.169602707496,0.999814828531,0.972481654635,38
0.00326585604946,0.168896367265,0.999814828553,0.972981988191,39
0.00326019792726,0.172199059777,0.999814828531,0.972314876783,40
0.0451322955588,0.216974458411,0.988352714658,0.964476317306,41
0.0333488057812,0.186373864237,0.990945115243,0.970813875679,42
0.0163596878161,0.177780352687,0.995722539115,0.970980653531,43
0.009858265229,0.175290728586,0.997852010962,0.970980653729,44
0.00500194357418,0.171481315854,0.999425968447,0.971814543426,45
0.00440052839863,0.16683533575,0.999648174209,0.971814543426,46
0.00447126929972,0.164487227589,0.999481519887,0.973315543457,47
0.00330418175118,0.163409549924,0.999722242797,0.973815877649,48
0.00320225702718,0.164257086083,0.999777794237,0.973148766242,49
0.00271406881292,0.164704938246,0.999851862825,0.973815877649,50
0.00263569557837,0.166654732543,0.999851862825,0.973815877649,51
0.00260632915133,0.16760983924,0.999851862825,0.973815877649,52
0.00258618922763,0.16778514986,0.999851862825,0.973982655501,53
0.00257009842279,0.169148090166,0.999851862825,0.973315544093,54
0.0190335449802,0.181245143231,0.994555958884,0.972481654198,55
0.0231246590679,0.195366941706,0.993593067246,0.971147431581,56
0.00998916089132,0.178501324188,0.997666839538,0.97464976671,57
0.00457003744908,0.174146489889,0.999185245537,0.972981987753,58
0.00282904225729,0.170441548454,0.999777794237,0.974816544562,59
0.00240146475204,0.171051386816,0.999870379972,0.974149433154,60
0.002283415209,0.169845001947,0.999870379972,0.975483655969,61
0.00225433923757,0.170406361772,0.999870379972,0.975150099828,62
0.00223712594512,0.171485378473,0.999870379972,0.975150100266,63
0.00222351635687,0.171994309631,0.999870379994,0.975316878117,64
0.00221205496128,0.171938064855,0.999870379972,0.975150100266,65
0.00220260769052,0.172829720758,0.999870379972,0.975650433821,66
0.00219433578149,0.172777924461,0.999870379972,0.975483655969,67
0.00218720098197,0.173623581025,0.999870379972,0.975316878117,68
0.00217975720568,0.174002383394,0.999870379972,0.975483655969,69
0.00217392427964,0.174769302958,0.999870379972,0.975316878117,70
0.00216787648508,0.174646621092,0.999870379972,0.975483655969,71
0.00216386738653,0.175418983884,0.999870379972,0.975316878117,72
0.00215863659368,0.176098622088,0.999870379972,0.974983322414,73
0.00215301006437,0.177177615568,0.999870379994,0.974816544562,74
0.00214927408804,0.17837753888,0.999870379972,0.974816544562,75
0.00214501400865,0.178237653001,0.999870379972,0.974816544562,76
0.0021407926512,0.179446457882,0.999870379972,0.974983322414,77
0.0021374314412,0.180665890144,0.999870379994,0.975150100266,78
0.00213369119026,0.180849463364,0.999870379972,0.974816544562,79
0.00213070521797,0.181132851779,0.999870379972,0.974316211006,80
0.00212785940214,0.182680829097,0.999870379972,0.97464976671,81
0.00212468197138,0.182339429497,0.999870379972,0.975150100266,82
0.00212188867876,0.183316543549,0.999870379972,0.974482988858,83
0.00212307112806,0.18599856536,0.999870379972,0.974316211006,84
0.0686140974294,0.198954444535,0.985260351173,0.969979986857,85
0.0224917829729,0.209734103734,0.994537441693,0.969979987055,86
0.0104429199025,0.191062471086,0.99768535664,0.973482321945,87
0.00532183661779,0.199907088435,0.999388934153,0.973315544093,88
0.00388170351918,0.193116883622,0.999759277091,0.972815210538,89
0.0036486091561,0.191361437606,0.999722242797,0.973148766242,90
0.00316526443309,0.189510039384,0.999796311384,0.973315544093,91
0.00318792542338,0.191656097621,0.999796311384,0.973148766242,92
0.00315737228942,0.190814938622,0.999796311384,0.973649099797,93
0.00311820924824,0.190365087457,0.999814828531,0.973482321945,94
0.00308686478594,0.190285730871,0.999814828531,0.973649099797,95
0.00307359084511,0.189659018231,0.999814828531,0.974316211205,96
0.00306585084884,0.1900533794,0.999814828531,0.974149433353,97
0.00305988575215,0.190240490448,0.999814828531,0.973982655501,98
0.00305426986357,0.190249021488,0.999814828531,0.973982655501,99
0.00304912418214,0.19017237057,0.999814828531,0.973982655501,100
0.00304458316736,0.190247619884,0.999814828531,0.974149433353,101
0.00304018446875,0.190153415796,0.999814828531,0.974149433353,102
0.00303677383642,0.190732209284,0.999814828531,0.974149433353,103
0.00303332519578,0.190621603223,0.999814828531,0.974149433353,104
0.00302986205141,0.19027203236,0.999814828531,0.973982655501,105
0.00302684163385,0.190886288782,0.999814828531,0.974149433353,106
0.00302394100832,0.191408912089,0.999814828531,0.974149433353,107
0.00302103053242,0.191637903253,0.999814828531,0.974149433353,108
0.00301869298489,0.191462687129,0.999814828531,0.974149433353,109
0.00301621620091,0.191107144687,0.999814828531,0.974149433353,110
0.00301420483309,0.19160688325,0.999814828531,0.974149433353,111
0.00301209480619,0.191759722562,0.999814828531,0.973982655501,112
0.00301003275224,0.191958449319,0.999814828531,0.973482321945,113
0.00300810539756,0.191893647399,0.999814828531,0.973649099797,114
0.00300641200013,0.192351724006,0.999814828531,0.973649099797,115
0.00300496859979,0.192831052789,0.999814828531,0.973815877649,116
0.00300331605853,0.193318711053,0.999814828531,0.973649099797,117
0.00300190002839,0.193578148799,0.999814828531,0.973982654865,118
0.00300065104028,0.193564847539,0.999814828531,0.973815877013,119
0.00299938152766,0.193970341536,0.999814828531,0.973815877013,120
0.00299831131076,0.193620889862,0.999814828531,0.973982654865,121
0.0462684525011,0.234716316256,0.990796978046,0.967144763374,122
0.030538567015,0.222220563845,0.992889415621,0.970480319975,123
0.011994685491,0.211913298793,0.997018739353,0.971480987086,124
0.00609992163789,0.210038545551,0.99887045404,0.972481654635,125
0.0035935389479,0.208704373433,0.99953707135,0.970647097827,126
0.00294522412072,0.195407738898,0.999666691356,0.972981988191,127
0.00225077748236,0.196452821808,0.999870379972,0.973482321747,128
0.00218562882729,0.196270086493,0.999870379972,0.973649099598,129
0.00217114067379,0.196190829393,0.999870379972,0.973649099598,130
0.00216179059514,0.196503784316,0.999870379972,0.973649099598,131
0.00215463983278,0.196634900618,0.999870379972,0.973649099598,132
0.00214854641904,0.196559730512,0.999870379972,0.973982655302,133
0.00214347895841,0.196660581432,0.999870379972,0.97381587745,134
0.00213926449263,0.197003856093,0.999870379972,0.97381587745,135
0.00213529154556,0.196764071537,0.999870379972,0.97381587745,136
0.002131948538,0.197004368617,0.999870379972,0.974149433154,137
0.00212897253437,0.197184443832,0.999870379972,0.974149433154,138
0.00212611193811,0.197357882572,0.999870379972,0.974149433154,139
0.00212346996664,0.197958542276,0.999870379972,0.973982655302,140
0.00212104039197,0.197452555564,0.999870379972,0.973982655302,141
0.0021187652013,0.198025311109,0.999870379972,0.974316211006,142
0.00211685695858,0.197446172658,0.999870379972,0.974316211006,143
0.0021150227804,0.197778179695,0.999870379972,0.973982655302,144
0.0021130786923,0.198553031428,0.999870379972,0.974816544562,145
0.00211148373794,0.197734213973,0.999870379972,0.974482988858,146
0.00210999045716,0.197975892338,0.999870379972,0.974816544562,147
0.0021085889169,0.198473250731,0.999870379972,0.974482988858,148
0.00210729361954,0.198649529977,0.999870379972,0.974816544562,149
0.00210609485281,0.199203125312,0.999870379972,0.97464976671,150
