loss,val_loss,acc,val_acc,itr
0.36678023643,0.0589518747175,0.9806481481481482,0.9818518518518519,1
0.100865119464,0.0432427524444,0.9872916666666667,0.9873148148148149,2
0.0687977481551,0.0333274563409,0.9909259259259259,0.9910185185185185,3
0.0579196048445,0.0320143542834,0.993287037037037,0.9905555555555555,4
0.0487338826585,0.0266570014748,0.9946296296296296,0.9926851851851852,5
0.0419738857669,0.0266789490676,0.9950925925925926,0.9912962962962963,6
0.0378280516921,0.0291343814716,0.9962037037037037,0.9919444444444444,7
0.0328959684326,0.0296151236956,0.9970138888888889,0.9913888888888889,8
0.0325909651499,0.021594386377,0.9978703703703704,0.9939814814814815,9
0.0302824809252,0.0260206923595,0.997800925925926,0.9930555555555556,10
0.0263462694669,0.0282060554729,0.997800925925926,0.9931481481481481,11
0.0244405144772,0.027037820684,0.997800925925926,0.9932407407407408,12
0.0239645806407,0.0240771591253,0.9984953703703704,0.9930555555555556,13
0.0233137122348,0.0251681781568,0.9983101851851852,0.9924074074074074,14
0.0224381100255,0.0251285773596,0.9990509259259259,0.9939814814814815,15
0.0222965071649,0.0254692870715,0.9987731481481481,0.9931481481481481,16
0.0211918698222,0.0299620072153,0.998912037037037,0.9927777777777778,17
0.0171874756517,0.0287036524924,0.9991435185185186,0.9933333333333333,18
0.0206739385027,0.0237554978864,0.9992129629629629,0.9942592592592593,19
0.0181294653415,0.0263485321261,0.9994444444444445,0.9935185185185185,20
0.0165999062872,0.0260847223891,0.9992361111111111,0.9938888888888889,21
0.015171643234,0.0329059325402,0.9991203703703704,0.9932407407407408,22
0.0170887148781,0.0302175717816,0.9990509259259259,0.9927777777777778,23
0.0166971129777,0.0265168026803,0.9995601851851852,0.9949074074074074,24
0.0157432631828,0.0314470037382,0.9994212962962963,0.9926851851851852,25
0.0140315299208,0.0309831711778,0.9996527777777777,0.9937962962962963,26
0.0115077181563,0.0324964280314,0.999375,0.9937037037037038,27
0.0145104590951,0.0361461625586,0.9990509259259259,0.9930555555555556,28
0.0138427247229,0.034516656066,0.9992592592592593,0.9936111111111111,29
0.0171721871153,0.0353504116819,0.9990972222222222,0.9934259259259259,30
0.0147579152456,0.0346170790424,0.9996296296296296,0.9929629629629629,31
0.0112185527267,0.032689829506,0.9990509259259259,0.9933333333333333,32
0.0126515826117,0.0351333002331,0.9993287037037037,0.9941666666666666,33
0.0147224901021,0.0326323435895,0.9996990740740741,0.9931481481481481,34
0.0145320018695,0.0300151584461,0.9996527777777777,0.9941666666666666,35
0.0139567544536,0.0365790018115,0.9992824074074074,0.9935185185185185,36
0.0121644310733,0.0385592175374,0.9995138888888889,0.9933333333333333,37
0.012524097539,0.0346148787262,0.9997453703703704,0.9926851851851852,38
0.0121184699369,0.035080932548,0.9996064814814815,0.9936111111111111,39
0.014275636226,0.0478937936874,0.9986574074074074,0.9921296296296296,40
0.0132933633282,0.036884129934,0.9996296296296296,0.9934259259259259,41
0.0111504164933,0.0309555922456,0.9997453703703704,0.9943518518518518,42
0.0108320100081,0.0336195616183,0.9996990740740741,0.9937962962962963,43
0.0129599643029,0.0317388775822,0.9997685185185186,0.9944444444444445,44
0.0115131610358,0.0323662543274,0.9997685185185186,0.9941666666666666,45
0.0102943728305,0.0315211337306,0.9997222222222222,0.9939814814814815,46
0.0139715853836,0.0318954440974,0.9997916666666666,0.9934259259259259,47
0.0104609064475,0.0341423519164,0.9997222222222222,0.9933333333333333,48
0.0100760427217,0.0347105299132,0.999837962962963,0.9937962962962963,49
0.00938246917642,0.0325312082563,0.9999305555555555,0.9936111111111111,50
0.00901487705275,0.037381649753,0.9997685185185186,0.9942592592592593,51
0.0114236167344,0.0352344257854,0.9996296296296296,0.9933333333333333,52
0.0130496255431,0.0419226064387,0.9994907407407407,0.9927777777777778,53
0.00983103079202,0.0356462994966,0.9996990740740741,0.9937962962962963,54
0.0105290206186,0.0384135600059,0.9997222222222222,0.9935185185185185,55
0.0104333691143,0.0328918121818,0.9998148148148148,0.9941666666666666,56
0.007889085299,0.038335297604,0.999837962962963,0.9933333333333333,57
0.010083783978,0.0361472736255,0.9999305555555555,0.9935185185185185,58
0.00944635836428,0.0366432879326,0.9996990740740741,0.9937962962962963,59
0.0117080853409,0.04518508427,0.9996990740740741,0.9939814814814815,60
0.0128841270963,0.0450266654104,0.9996759259259259,0.9930555555555556,61
0.0137906377533,0.0388695003376,0.9999305555555555,0.9933333333333333,62
0.00966281686852,0.0419691773672,0.9998148148148148,0.9937962962962963,63
0.00997091674777,0.0446088008534,0.9996990740740741,0.9931481481481481,64
0.00951907584719,0.0386639087161,0.999837962962963,0.9928703703703704,65
0.00898150843775,0.0382560626245,0.999837962962963,0.9934259259259259,66
0.00989917253331,0.039232006048,0.9999074074074074,0.9942592592592593,67
0.00808229208531,0.0453490552688,0.9999074074074074,0.9931481481481481,68
0.0141737736722,0.045363626121,0.9998842592592593,0.9937037037037038,69
0.00942302446748,0.0413029595776,0.9998611111111111,0.9932407407407408,70
0.0117513285199,0.0409506144883,0.9998842592592593,0.9941666666666666,71
0.0118113317026,0.0412755869309,0.9998611111111111,0.9937962962962963,72
0.0123018332436,0.0483429132169,0.9997916666666666,0.9936111111111111,73
0.00911532760397,0.0416773101488,0.9999305555555555,0.9942592592592593,74
0.00739119979576,0.0364923168633,0.9999537037037037,0.9946296296296296,75
0.00794673512776,0.0360853043963,0.9999305555555555,0.9940740740740741,76
0.00898266320266,0.039217923489,0.9998611111111111,0.9942592592592593,77
0.00932581209705,0.0512917258991,0.9999074074074074,0.9933333333333333,78
0.0139712938404,0.0433800901783,0.9998842592592593,0.9935185185185185,79
0.010168024099,0.0420536714489,0.9999305555555555,0.994537037037037,80
0.00984058212561,0.0432123493887,0.999837962962963,0.9940740740740741,81
0.0104472258137,0.0315910740598,0.9999537037037037,0.9944444444444445,82
0.00827755554961,0.0387217319341,0.9999305555555555,0.9943518518518518,83
0.00726608785199,0.0339590137322,0.9999537037037037,0.9950925925925926,84
0.00876744228133,0.0436072535017,0.9998611111111111,0.9939814814814815,85
0.0100921809216,0.0374023694289,0.9999305555555555,0.9947222222222222,86
0.00922174277478,0.0369245631265,0.9999305555555555,0.994537037037037,87
0.00829074023857,0.0392520340924,0.9998611111111111,0.9941666666666666,88
0.00789871111718,0.0372809187556,0.9998842592592593,0.9941666666666666,89
0.00946998721088,0.0349173477712,0.9999074074074074,0.994537037037037,90
0.00737300687157,0.0407353656762,0.9999537037037037,0.9948148148148148,91
0.00756744543282,0.0400221410803,0.9999537037037037,0.994537037037037,92
0.0107255517816,0.046796478644,0.9999537037037037,0.9935185185185185,93
0.0111833436178,0.0415545432433,0.9999537037037037,0.995,94
0.00871264270566,0.0392846835433,0.9998842592592593,0.9940740740740741,95
0.0109345598841,0.0424262969369,0.9998148148148148,0.9925,96
0.00828371830145,0.0395208264328,0.9999305555555555,0.9944444444444445,97
0.0101698546101,0.039461226574,0.9998842592592593,0.9939814814814815,98
0.00828215367764,0.0386975596575,0.9999768518518518,0.9938888888888889,99
0.00913059937665,0.0441813612852,0.9998611111111111,0.9932407407407408,100
