loss,val_loss,acc,val_acc,itr
0.487655219281,0.235974481825,0.860114086768,0.939726940183,1
0.19103399356,0.181462894131,0.946123643246,0.953879453621,2
0.139093272941,0.156141044749,0.961384598167,0.959207459426,3
0.110920153471,0.146407067848,0.969478090037,0.961704962161,4
0.0918892844394,0.139396079959,0.97507130423,0.961371960896,5
0.0772508378593,0.137110442196,0.979460680821,0.964202464659,6
0.0657411953251,0.138533085959,0.983164795965,0.962370961895,7
0.0578810164281,0.14136772008,0.985961402997,0.963536463298,8
0.0510412857039,0.138734423517,0.987887543065,0.966699966224,9
0.0444144896029,0.146486781126,0.99051746478,0.962370962827,10
0.039937227339,0.138315709099,0.991684261216,0.968031968488,11
0.0358539041732,0.145707668568,0.993239989633,0.967032966557,12
0.0330890413289,0.15105570668,0.993684483463,0.967032966557,13
0.0294563327177,0.150157850376,0.995036485407,0.964535464059,14
0.0263560377626,0.150353956587,0.995758787885,0.965700965225,15
0.0236679365044,0.156147363571,0.996832981314,0.965867466324,16
0.0218060677829,0.159091527704,0.997592325073,0.966200465724,17
0.0208250157142,0.160914307534,0.997666407379,0.96603396649,18
0.0200722145684,0.159939832107,0.997796051285,0.967532467989,19
0.0194987787507,0.174411943246,0.997796051413,0.964368964587,20
0.0203893069952,0.170553866936,0.997370078159,0.963869464088,21
0.0193723586017,0.174505578727,0.997981257177,0.965201465658,22
0.0179015829197,0.168954677252,0.998351668576,0.965034964559,23
0.0174114656981,0.187953805694,0.998647997926,0.964868464392,24
0.0169308388269,0.178192940491,0.998629477349,0.965201464725,25
0.014285852949,0.17251468424,0.999277697522,0.966533466295,26
0.0152921755129,0.182914066515,0.998962847726,0.964868464392,27
0.0141366494606,0.187863221575,0.99918509464,0.964868464392,28
0.0172291239063,0.182501154366,0.997962736603,0.96736596689,29
0.0138898030071,0.178384582849,0.999129532911,0.967698967461,30
0.0120921479284,0.177038374406,0.999574026744,0.969530469054,31
0.0107999635547,0.177307577675,0.99979627366,0.969197468959,32
0.0102306765046,0.179284157996,0.999833314813,0.968531468293,33
0.00997496339007,0.180893541742,0.999814794236,0.967199466723,34
0.00972672166329,0.176235464461,0.999814794236,0.96819846796,35
0.00947576868253,0.181477485881,0.999833314813,0.967199466723,36
0.00943564934646,0.177912290927,0.999759232507,0.96819846796,37
0.0228703358211,0.23000128431,0.995073526562,0.959706959469,38
0.0321581495971,0.212265724545,0.991906508002,0.961704961229,39
0.0192008135442,0.195698771175,0.996314405304,0.96686646639,40
0.0100831234494,0.185477464396,0.999518465015,0.969363969126,41
0.00835932841561,0.184413048185,0.999851835389,0.968364968127,42
0.00791537830959,0.183902538368,0.999870355837,0.968864468626,43
0.00770230265017,0.182923299127,0.999870355965,0.96869796846,44
0.00753163487075,0.182546055552,0.999870355965,0.968864468388,45
0.0073708415108,0.183162329911,0.999870355965,0.969197468959,46
0.00721791444089,0.18171429119,0.999870355965,0.969696969459,47
0.00713672017626,0.180700185431,0.999870355965,0.968531468055,48
0.00694371114508,0.180543229306,0.999870355965,0.968531468293,49
0.00682673408733,0.182495288412,0.999870355965,0.968864468388,50
0.00669591471598,0.181748094519,0.999870355965,0.969030968555,51
0.00654992800147,0.178059079922,0.999870355965,0.969363969126,52
0.00639656912975,0.182041813141,0.999870355968,0.969863469625,53
0.00629937419989,0.181784552852,0.999851835389,0.968864468388,54
0.0173895592095,0.226233325906,0.995740267437,0.962204462661,55
0.0259481968683,0.208419099083,0.992925139833,0.964868465325,56
0.0121181910874,0.199250274349,0.997999777625,0.965867466324,57
0.0079759970779,0.191807628869,0.999536985591,0.968531468055,58
0.00670247793959,0.189073938736,0.999814794236,0.967865467389,59
0.00602064971589,0.189908657395,0.999870355965,0.968198467722,60
0.00570845560233,0.189308361529,0.999888876542,0.969030968555,61
0.0055718077055,0.188299098905,0.999888876542,0.968031967556,62
0.00547214062858,0.188531027743,0.999888876542,0.968364967889,63
0.0053670879278,0.18742493218,0.999888876542,0.968031967556,64
0.00527541288678,0.185827788567,0.999888876542,0.96869796846,65
0.00519759908426,0.185908983928,0.999888876542,0.96869796846,66
0.00510032466489,0.186057072888,0.999888876542,0.968697968222,67
0.00501504033115,0.18431183538,0.999888876542,0.968364967889,68
0.00494427228332,0.183355429851,0.999888876414,0.968531468293,69
0.00485326983846,0.184422042875,0.999888876542,0.967698967461,70
0.00480022934249,0.185246889969,0.999888876542,0.968531468293,71
0.00476706417958,0.186866653276,0.999888876542,0.967865467627,72
0.00474650710051,0.183225441165,0.999888876542,0.968198467722,73
0.00467621734093,0.191023415807,0.999870355965,0.967199466723,74
0.0141189522492,0.244883545358,0.996684816706,0.961205461662,75
0.0259989535142,0.202715940181,0.992925139705,0.966200465724,76
0.00817978332441,0.192351014243,0.999036930029,0.969530469054,77
0.00594950219013,0.185795041003,0.999629588473,0.968031967556,78
0.00518001597817,0.190447319148,0.999870355965,0.967698967461,79
0.00494030100112,0.188883386469,0.999870355965,0.96819846796,80
0.00484217343028,0.187639084867,0.999870355965,0.96819846796,81
0.00476982460377,0.18689951392,0.999870355965,0.968531468293,82
0.00478214989172,0.187998603131,0.999870355965,0.968364968127,83
0.00437115661827,0.185163350718,0.999888876542,0.969030968793,84
0.00428464958333,0.184439313236,0.999888876542,0.969030968793,85
0.00422476373482,0.183556346398,0.999888876542,0.96869796846,86
0.00417051697203,0.181146674961,0.999888876542,0.968531468293,87
0.00410856546825,0.180669558936,0.999888876542,0.96819846796,88
0.00405211350077,0.179429653268,0.999888876542,0.968531468293,89
0.00399809254378,0.180026071024,0.999888876542,0.968864468626,90
0.00395008187359,0.178757528003,0.999888876542,0.968864468626,91
0.00392396354745,0.179864290132,0.999888876542,0.968864468626,92
0.00388526940645,0.181967987221,0.999888876542,0.96819846796,93
0.00388745613914,0.180557252617,0.999888876542,0.968864468626,94
0.00381539715263,0.179904150134,0.999888876542,0.969530469292,95
0.00373619270595,0.179637720671,0.999888876542,0.968864468626,96
0.00949406394392,0.256285802927,0.99774048956,0.959373958898,97
0.0270045655112,0.206095652574,0.991980590436,0.965534465058,98
0.00918238248574,0.193924936039,0.998759121384,0.967865467389,99
0.00534411173208,0.199601285003,0.999722191355,0.967199466723,100
0.00486932749924,0.195546996476,0.99979627366,0.969030968555,101
0.00481447500294,0.193952057792,0.999833314813,0.969030968793,102
0.00455018495415,0.194751146537,0.999833314813,0.968531468293,103
0.0044260853617,0.195068526801,0.999851835389,0.969197468959,104
0.00436587415994,0.193955507079,0.999851835389,0.968864468626,105
0.00432056484064,0.194316093862,0.999851835389,0.968364968127,106
0.00427710970129,0.192709382386,0.999851835389,0.967698967461,107
0.00423116453349,0.192276327954,0.999851835389,0.969030968793,108
0.0041875197911,0.192182401265,0.999851835389,0.968864468388,109
0.00415050926372,0.190742057354,0.999851835389,0.96819846796,110
0.00410703418413,0.190124373879,0.999851835389,0.969197468959,111
0.00406958169054,0.188669371825,0.999851835389,0.96869796846,112
0.0040344729022,0.188361608591,0.999851835389,0.968364968127,113
0.0040118463961,0.190138435492,0.999851835389,0.968364968127,114
0.00397065197832,0.187507081465,0.999851835389,0.96869796846,115
0.00393869790938,0.186888960277,0.999851835389,0.968864468388,116
0.0039062811093,0.188764990039,0.999851835389,0.967865467389,117
0.00453039325485,0.224473067707,0.999759232507,0.963369963132,118
0.0263260293927,0.219871359351,0.992443604717,0.964868465087,119
0.0101618522939,0.20870336203,0.997999777625,0.966699966224,120
0.00595316804075,0.20606015932,0.99938882098,0.967698967461,121
0.00413861179816,0.206971069708,0.999740711931,0.969363968888,122
0.0033574937314,0.202204384962,0.999907397118,0.969696969221,123
0.00322326346807,0.200001119833,0.999907397118,0.969030968555,124
0.00317509500247,0.199505543926,0.999907397118,0.969030968793,125
0.00313437877602,0.198450420321,0.999907397118,0.968864468388,126
0.00309385985416,0.198107065395,0.999907397118,0.968864468626,127
0.003060688695,0.197530479274,0.999907397118,0.968864468388,128
0.00302521240461,0.196163132772,0.999907397118,0.968531468055,129
0.00299324996316,0.195232155804,0.999907397118,0.968531468055,130
0.0029562200443,0.194562915322,0.999907397118,0.968531468055,131
0.00292553347565,0.193575401376,0.999907397118,0.968531468055,132
0.00289409206635,0.192156084869,0.999907397118,0.968697968222,133
0.00286384839286,0.192458580873,0.999907397118,0.968531468055,134
0.00283440712945,0.191343501575,0.999907397118,0.969363968888,135
0.00280754598392,0.189678311216,0.999907397118,0.968531468055,136
0.00277854512818,0.188576990814,0.999907397118,0.968031967556,137
0.00274749148213,0.189026263292,0.999907397118,0.969030968555,138
0.00272601641417,0.187242999268,0.999907397118,0.968364967889,139
0.00271699438033,0.185820143785,0.999907397118,0.969363968888,140
0.00269704394589,0.189277280989,0.999907397118,0.968864468388,141
0.00265451216748,0.189171574787,0.999907397118,0.968364967889,142
0.00263500279477,0.186757943738,0.999907397118,0.968364967889,143
0.00261001522455,0.188657035549,0.999907397118,0.968531468055,144
0.00977962033817,0.263709191343,0.9976293661,0.960539460996,145
0.0170230346321,0.223669073575,0.995480979372,0.964868464392,146
0.00606056568698,0.2120942082,0.998870244842,0.969030968793,147
0.00336610840702,0.204180182877,0.999833314813,0.969863469625,148
0.00292782252062,0.201356203473,0.999907397118,0.970695970458,149
0.00285576813408,0.200842118304,0.999907397118,0.970029969792,150
0.492066163873,0.228473798595,0.858603255658,0.932866899327,1
0.185972504652,0.182688309941,0.948682334311,0.945360653017,2
0.138738299176,0.159473777264,0.961553419526,0.955355655327,3
0.110779306025,0.14691646093,0.970313165423,0.960353156765,4
0.0914026236517,0.144208743515,0.97607274472,0.960186573579,5
0.0780263226311,0.135254226165,0.979943330092,0.965517241767,6
0.0663088890588,0.138518085321,0.983628720006,0.963518240889,7
0.0579604006596,0.148436180402,0.986480730365,0.962018990137,8
0.0515863131191,0.137224746593,0.988351204604,0.965017491652,9
0.0449301012799,0.136331635697,0.991129136711,0.966016991514,10
0.0403625255131,0.143336977648,0.992369946432,0.965683824953,11
0.0367370923107,0.138364087899,0.993555197496,0.968015992203,12
0.0327901442402,0.144340125095,0.994573772617,0.966683324825,13
0.0294388948872,0.148310091388,0.995647906365,0.964017991014,14
0.0262484728813,0.150563244475,0.99688871604,0.965517241578,15
0.025188864199,0.154710728805,0.996962794214,0.966183575266,16
0.0227046296653,0.152555519018,0.997814693409,0.967849409016,17
0.0208381442958,0.149700190263,0.998388799378,0.96718307495,18
0.019739883017,0.159374480305,0.998611033946,0.966849908012,19
0.019151998755,0.163786000854,0.998592514399,0.965850407951,20
0.0174206152305,0.162270551118,0.999240698542,0.967183075139,21
0.0200588464651,0.166157792608,0.997962849772,0.965517241012,22
0.0195492338935,0.169064642384,0.998036927962,0.967349658514,23
0.0242126580764,0.174946774667,0.996444246872,0.965184074063,24
0.0270693185651,0.170339479037,0.995629386802,0.964351157576,25
0.0223790357052,0.173879629376,0.997018352856,0.966350158641,26
0.0204043942038,0.16474546575,0.997870252036,0.967349658514,27
0.0176563348262,0.172932400652,0.998462877567,0.967516241889,28
0.0164860120335,0.163969297558,0.999074022631,0.968848909077,29
0.0140652347615,0.165429539503,0.999388854936,0.969015492452,30
0.0124217093705,0.163125303992,0.999685167695,0.9681825752,31
0.0118951329311,0.162362069525,0.999740726337,0.968682325325,32
0.0115719527796,0.161394575276,0.999740726337,0.968182575578,33
0.0115396597207,0.172350789152,0.999648128584,0.967516242078,34
0.0122394518988,0.165440403604,0.999555530847,0.967516242266,35
0.0114890337314,0.161257033855,0.9996481286,0.967183075139,36
0.0106339157982,0.162891081248,0.999759245884,0.967682825453,37
0.0102601620484,0.161421509101,0.999740726337,0.969182075827,38
0.00996415945083,0.162752385,0.999759245884,0.968182575578,39
0.00980614735271,0.163167084738,0.999740726337,0.967183074563,40
0.00955175105834,0.16048604206,0.999759245884,0.967016492141,41
0.0133914538961,0.197682245918,0.998351760283,0.964184574389,42
0.0293806042143,0.189606258338,0.992425505043,0.967516242266,43
0.0183017381923,0.169754302931,0.996647961924,0.967849408828,44
0.0117114612221,0.180507438929,0.999055503084,0.969348659391,45
0.00996017310762,0.166829993288,0.999666648147,0.969681826141,46
0.00867112254167,0.162739376302,0.999777765431,0.970348159641,47
0.00843063441437,0.162805986294,0.999777765431,0.970847909766,48
0.00826611741072,0.161678683806,0.999777765431,0.970681326391,49
0.00811834861267,0.161584789075,0.999777765431,0.970514743016,50
0.00797831290161,0.162297258213,0.999777765416,0.970514743016,51
0.00784375256262,0.160406101208,0.999777765431,0.971514243077,52
0.00772147864191,0.159652183364,0.999777765431,0.970014992891,53
0.00759579149974,0.159017868515,0.999777765431,0.971514243266,54
0.00751662364291,0.159390937164,0.999777765416,0.970514743016,55
0.00738992641049,0.156056512689,0.999777765431,0.971181076327,56
0.00768285324036,0.167215529415,0.999611089474,0.968015991438,57
0.0243520056108,0.194755595221,0.993962627538,0.962685324392,58
0.018607123235,0.175878438575,0.995925699545,0.966849908578,59
0.0105115155989,0.175085334739,0.999036983536,0.968848909266,60
0.00846678789893,0.172520158818,0.999555530863,0.970181575313,61
0.008116938323,0.17320291023,0.999629609052,0.968349159141,62
0.00729036049402,0.16977644971,0.999759245884,0.969848408563,63
0.00707234305264,0.172271312355,0.999777765431,0.969182075063,64
0.00692884030015,0.170858954516,0.999777765431,0.969848408563,65
0.00682869730864,0.167236506994,0.999777765431,0.969515241813,66
0.00674361187997,0.167344740519,0.999777765431,0.968349158188,67
0.00665735053288,0.167959881645,0.999777765431,0.969015491688,68
0.00658182945808,0.165738521055,0.999777765431,0.968515741563,69
0.00650823674438,0.165700536317,0.999777765431,0.968182574813,70
0.00642035617714,0.16614682829,0.999777765431,0.969015491688,71
0.00637868778782,0.165827125078,0.999777765431,0.968515741563,72
0.00632259247961,0.16249831202,0.999777765431,0.969182075063,73
0.00620641557634,0.166930386216,0.999777765431,0.968682324938,74
0.00613984270584,0.165468562082,0.999777765431,0.968515741563,75
0.00665284208983,0.171159645272,0.9996481286,0.967349657938,76
0.029954804076,0.183534802233,0.991832879574,0.966849908389,77
0.0128019763013,0.179198319085,0.997833212956,0.968349158953,78
0.00850850724453,0.185575682802,0.999407374468,0.967516242078,79
0.00696588859284,0.183470923231,0.999685167695,0.969015492452,80
0.00611577384773,0.183959180259,0.999796284979,0.969348659202,81
0.00589557776208,0.182413534931,0.999796284979,0.969681825952,82
0.0058077187012,0.182277163168,0.999796284979,0.969348659202,83
0.00573902521635,0.180489246744,0.999796284979,0.969182075827,84
0.00567026367876,0.178726121796,0.999796284963,0.969515242577,85
0.0056161942805,0.177282159549,0.999796284979,0.969848409327,86
0.00555738101829,0.177025815717,0.999796284979,0.969848409327,87
0.00550108068197,0.175960894743,0.999796284979,0.969681825952,88
0.00545382402392,0.174799107587,0.999796284979,0.969015492452,89
0.00539565853867,0.174106464252,0.999796284979,0.970014992702,90
0.00535426849286,0.174692428293,0.999796284979,0.969182075827,91
0.00530273317509,0.173803754209,0.999796284979,0.969015492452,92
0.00525158878796,0.171342203838,0.999796284979,0.970181576077,93
0.00523850702393,0.17069797552,0.999796284979,0.970348159452,94
0.0051829379703,0.170647102268,0.999796284979,0.971014492952,95
0.00512125882235,0.171125133095,0.999796284979,0.970014992702,96
0.00507300484244,0.168263011727,0.999796284979,0.969515242577,97
0.0050448220033,0.169851562422,0.999796284979,0.968848909077,98
0.00501115846195,0.169092686903,0.999796284979,0.969681825952,99
0.0165240176072,0.211477438276,0.996166453692,0.963518240889,100
0.0161585190329,0.204514916425,0.995944219108,0.962685324015,101
0.00825232098724,0.194528042148,0.999036983536,0.966183574889,102
0.00607896277875,0.186388394445,0.999629609052,0.969182076016,103
0.00525075878869,0.185186689856,0.999796284979,0.969681826141,104
0.00515688873268,0.184331581103,0.999796284979,0.969348659391,105
0.00510322328834,0.184255738482,0.999796284979,0.969348659391,106
0.00505337125262,0.182894101113,0.999796284979,0.969015492641,107
0.00500866478187,0.183220668284,0.999796284979,0.969515242766,108
0.00496710216122,0.181487183337,0.999796284979,0.970014992891,109
0.00492636435169,0.18105782386,0.999796284979,0.969015492641,110
0.00488958467792,0.180101519284,0.999796284979,0.969681826141,111
0.00485176823703,0.17902347588,0.999796284979,0.970181576266,112
0.00481498010347,0.176149081418,0.999796284979,0.969848409516,113
0.00478159920945,0.176695074039,0.999796284979,0.969348659391,114
0.00474878590951,0.177592682765,0.999796284979,0.971181076516,115
0.00471687807825,0.175509979682,0.999796284979,0.970014992702,116
0.00468218848075,0.175542941689,0.999796284979,0.969348659202,117
0.00465569725278,0.174804318704,0.999796284979,0.969515242766,118
0.00462131370335,0.175687432738,0.999796284979,0.971181076327,119
0.00459247828796,0.17398782384,0.999796284979,0.971014492952,120
0.00456934799628,0.176051796761,0.999796284979,0.970181576077,121
0.00835017017449,0.277864473895,0.998573994821,0.949525236825,122
0.0223446935835,0.210536364871,0.993907068896,0.965850407951,123
0.0103922459352,0.190524025121,0.998425838457,0.968848908889,124
0.00548906559632,0.185702252724,0.999703687242,0.969015492641,125
0.00501888969924,0.185681756774,0.999777765431,0.970847908813,126
0.00482706140134,0.185760389464,0.999796284979,0.970348159641,127
0.00477603788216,0.185207003177,0.999796284979,0.970014992702,128
0.0047353768084,0.185600035274,0.999796284979,0.969681826141,129
0.00469752650651,0.184893557216,0.999796284979,0.969681826141,130
0.00466201571198,0.182917450954,0.999796284979,0.970014992891,131
0.00462782847174,0.182628086025,0.999796284979,0.969182076016,132
0.00459552783515,0.180966062058,0.999796284979,0.969348659391,133
0.0045642687082,0.18145433142,0.999796284979,0.969681826141,134
0.00453391689329,0.179659271271,0.999796284979,0.969515242766,135
0.00450154559614,0.178241871966,0.999796284979,0.969348659391,136
0.00447474365775,0.177972846397,0.999796284979,0.969348659391,137
0.0044472112359,0.177385558935,0.999796284979,0.968682325891,138
0.00442332857421,0.177866162875,0.999796284979,0.969348659391,139
0.00440093425426,0.176499543226,0.999796284979,0.969515242766,140
0.00437251837654,0.175315311183,0.999796284979,0.969015492641,141
0.0043539006696,0.177915133599,0.999796284979,0.969015492452,142
0.00432849267883,0.177026266878,0.999796284979,0.969515242577,143
0.0043144515593,0.178651325724,0.999796284979,0.968848909077,144
0.00429383152059,0.173506830737,0.999796284979,0.970014992702,145
0.00428801475685,0.178776811666,0.999796284979,0.969848409327,146
0.00427942722592,0.187357886578,0.999796284979,0.967516242078,147
0.0201846351077,0.201255219801,0.994758968091,0.969015492641,148
0.00968792959122,0.197975846041,0.998129525714,0.970181576077,149
0.00547080468024,0.199270796003,0.999629609052,0.968682325514,150
0.511591617529,0.267171428308,0.848571269902,0.925512414319,1
0.185763889861,0.20188872798,0.946850867641,0.94117647038,2
0.134825876333,0.17715771864,0.961517805888,0.948675220518,3
0.105998196217,0.166009236976,0.970777236528,0.954340942898,4
0.0871240317457,0.160427498084,0.976332895143,0.953841026148,5
0.073388508682,0.159201531913,0.980332969042,0.956673887407,6
0.0621459031029,0.162802496017,0.983925628312,0.958673554129,7
0.054256851736,0.161976628542,0.986925683928,0.961006498639,8
0.0473160839753,0.159631071574,0.989036833898,0.958673554129,9
0.0424507376848,0.167909052452,0.990851682439,0.959006831986,10
0.0377231443227,0.167996127713,0.992314672583,0.95917347081,11
0.0337803942831,0.173788057516,0.99340728538,0.95917347081,12
0.0300240804336,0.175906087833,0.994907313128,0.958340276273,13
0.0280589985504,0.18786716144,0.995555473133,0.959006831986,14
0.0247943157373,0.185516222698,0.996462897461,0.95917347081,15
0.0232048619326,0.18937321554,0.997055501028,0.960506582167,16
0.0229932117718,0.192612671235,0.996907350166,0.959173470949,17
0.0210026484404,0.198434790044,0.997833293209,0.958673554199,18
0.0179662030544,0.201409879886,0.998388859053,0.957007165264,19
0.0164716430083,0.198928262316,0.999129613511,0.960673220991,20
0.0153685042981,0.202877550898,0.999166651117,0.959840026593,21
0.0147301849778,0.201443145517,0.999333320987,0.959840026523,22
0.0137699482457,0.207978084184,0.999462953018,0.957673720907,23
0.0134606219164,0.213006128728,0.999462953018,0.960673220991,24
0.014363351356,0.22385059309,0.999222207702,0.955840693079,25
0.025170034204,0.235198009052,0.994648049068,0.957840359731,26
0.0317981907599,0.204722144457,0.992573936437,0.96017330431,27
0.0220207504899,0.200060963909,0.996111038976,0.961673054282,28
0.0153348872751,0.19438272518,0.998870349451,0.963672721005,29
0.0129005248923,0.190563278438,0.999296283265,0.962839526606,30
0.0110989807541,0.189729428,0.999629622771,0.963672721074,31
0.0099723312404,0.188003604882,0.99987036797,0.963339443357,32
0.00961033378902,0.187703439356,0.99987036797,0.963839359968,33
0.0093947867511,0.189941289159,0.999851849108,0.962006332208,34
0.0091364585633,0.188990029338,0.99987036797,0.963339443287,35
0.00890253774237,0.18966458913,0.99987036797,0.962839526606,36
0.00868422495256,0.189275747083,0.99987036797,0.961673054421,37
0.00860874314788,0.191211165564,0.999851849108,0.962506248819,38
0.0083735977181,0.190478201843,0.99987036797,0.962339609926,39
0.0081940919064,0.195419594263,0.99987036797,0.961673054352,40
0.00793929858131,0.192230819579,0.99987036797,0.962339609995,41
0.0077718977238,0.192732513153,0.99987036797,0.962006332139,42
0.00779867055934,0.194917288551,0.99983333013,0.959840026523,43
0.0334987445936,0.246323442942,0.991740587848,0.956340609759,44
0.0207380648785,0.235956219865,0.99531472808,0.959340109773,45
0.0128983467634,0.205632780932,0.998425896776,0.962339609926,46
0.00963674344711,0.207198864132,0.999518509602,0.963839360037,47
0.00744847261545,0.211220306432,0.999851849108,0.96300616557,48
0.00698084206531,0.210181025523,0.99987036797,0.964172637824,49
0.00680237423135,0.210239643421,0.99987036797,0.963672721144,50
0.00666104212862,0.210751781579,0.99987036797,0.96300616557,51
0.00652758093183,0.211006876446,0.99987036797,0.962339609995,52
0.00641637249381,0.211338910841,0.99987036797,0.962172971032,53
0.00628726375021,0.211482113811,0.99987036797,0.962672887782,54
0.00619850828193,0.211994337393,0.99987036797,0.961839693315,55
0.00607964463852,0.211831025398,0.99987036797,0.962506248819,56
0.00596036239341,0.210536164194,0.99987036797,0.962339609995,57
0.0059107359674,0.21374501017,0.99987036797,0.961673054352,58
0.00602110131513,0.212791406805,0.999814811385,0.962672887782,59
0.0057854238218,0.214400733968,0.99987036797,0.961339776634,60
0.00565509721259,0.214545933249,0.99987036797,0.961673054352,61
0.00555239712008,0.215451917853,0.99987036797,0.961006498778,62
0.0167625680917,0.265199094395,0.99581473731,0.954340943037,63
0.0301635731064,0.220716143842,0.99172206881,0.959506748667,64
0.0127760621955,0.209410290937,0.998259226906,0.963506082181,65
0.00762325322002,0.205435655173,0.999648141515,0.96250624875,66
0.00593566206782,0.210803337869,0.99983333013,0.964005998792,67
0.00612833823147,0.206741937708,0.999759254801,0.964172637685,68
0.00542765951968,0.204957632028,0.99987036797,0.964505915472,69
0.00529447793654,0.204831361393,0.99987036797,0.964839193259,70
0.00519845317716,0.204437670833,0.99987036797,0.964505915472,71
0.00512052340546,0.204545715738,0.99987036797,0.963839359898,72
0.00504149194451,0.203980362454,0.99987036797,0.963839359968,73
0.00496751306569,0.203503142646,0.999870367853,0.963339443287,74
0.00490324312197,0.203066324568,0.99987036797,0.963506082181,75
0.00483646238572,0.202619148191,0.99987036797,0.963339443287,76
0.00476877324663,0.202386146387,0.99987036797,0.963506082181,77
0.00469853100526,0.202057578701,0.99987036797,0.96300616557,78
0.00464328647679,0.202367729325,0.99987036797,0.962839526606,79
0.00457832678282,0.202286883279,0.99987036797,0.962839526606,80
0.0045643716823,0.204240144304,0.99987036797,0.962672887713,81
0.00449224444348,0.205556609128,0.99987036797,0.9630061655,82
0.00446582388252,0.207499663069,0.99987036797,0.962339609856,83
0.0177195061675,0.247488264582,0.995370284518,0.959006832056,84
0.0162886464015,0.21944784852,0.996129557955,0.962006332139,85
0.00689185479419,0.212456934821,0.999148132403,0.963672721144,86
0.00467750237612,0.213849256803,0.99987036797,0.964505915611,87
0.00431911500665,0.212378259914,0.999888886831,0.965339110079,88
0.00421298186265,0.213037485151,0.999888886831,0.965172471185,89
0.00414522725261,0.212771715315,0.999888886831,0.964672554505,90
0.0040758911344,0.211596634737,0.999888886831,0.964672554505,91
0.00401854593545,0.211061374308,0.999888886831,0.964672554505,92
0.00396294449817,0.211435761352,0.999888886831,0.964339276718,93
0.00391070858367,0.210786685015,0.999888886831,0.964339276718,94
0.00385588425874,0.209152565803,0.999888886831,0.963672721144,95
0.00380866814168,0.208862670402,0.999888886831,0.963839360037,96
0.00376043764896,0.209253223758,0.999888886831,0.964339276718,97
0.00371858209946,0.207272573516,0.999888886831,0.965172471185,98
0.00367680188551,0.209814759166,0.999888886831,0.963172804463,99
0.00363035836023,0.20884133004,0.999888886831,0.96300616557,100
0.00359372802947,0.207734468267,0.999888886831,0.964172637824,101
0.00355257260242,0.209906429749,0.999888886831,0.964005998931,102
0.00351731532221,0.209983530034,0.999888886831,0.963172804463,103
0.0201493608433,0.219079246771,0.994685086761,0.959006831986,104
0.013048641469,0.232573635906,0.996851793552,0.959006831917,105
0.00558803739307,0.216810957104,0.999444434156,0.963839359898,106
0.00426580657397,0.211457933211,0.999833330247,0.965505748903,107
0.00378993663331,0.208943220878,0.999888886831,0.966172304546,108
0.00371677953217,0.208634876961,0.999888886831,0.966172304477,109
0.00366193043497,0.208019337313,0.999888886831,0.966672221227,110
0.0036148744562,0.207613589189,0.999888886831,0.965339110079,111
0.00356858029569,0.207838090895,0.999888886831,0.965839026759,112
0.00352739410915,0.206997659008,0.999888886831,0.965672387866,113
0.00348471689959,0.20668577773,0.999888886831,0.965839026759,114
0.003445523665,0.206975683153,0.999888886831,0.966505582333,115
0.00340836065117,0.207097622275,0.999888886831,0.965005832292,116
0.00337456969476,0.205791462089,0.999888886831,0.965672387866,117
0.00333674097472,0.206121807808,0.999888886831,0.965005832292,118
0.00330320542679,0.205415921122,0.999888886831,0.965339110079,119
0.00327514572362,0.204586942926,0.999888886831,0.964672554505,120
0.003239891773,0.206095079615,0.999888886831,0.964839193398,121
0.00321015893122,0.206137300708,0.999888886831,0.964672554505,122
0.00318290330243,0.207326183357,0.999888886831,0.964005998931,123
0.00315236512804,0.206846784347,0.999888886831,0.964505915611,124
0.00313367741234,0.206211059041,0.999888886831,0.964172637824,125
0.00310826859638,0.210083242411,0.999888886831,0.963172804463,126
0.00306711398933,0.207631710091,0.999888886831,0.964172637824,127
0.00309678373727,0.211041374267,0.999888886831,0.961339776634,128
0.0228551376409,0.253634262778,0.993444322926,0.959506748667,129
0.00923740406017,0.221314359194,0.997999962962,0.959506748736,130
0.00411239832262,0.21982626151,0.999777773662,0.960839859884,131
0.00347150150696,0.217917248474,0.999888886831,0.961173137671,132
0.00335841038902,0.218726082349,0.999888886831,0.960839859884,133
0.00330193109753,0.218455574776,0.999888886831,0.961006498778,134
0.00326064728861,0.218669349235,0.999888886831,0.960506582097,135
0.00322217064453,0.218218864761,0.999888886831,0.960339943204,136
0.0031875885283,0.217477497014,0.999888886831,0.960506582097,137
0.00315253038716,0.217338048339,0.999888886831,0.960006665417,138
0.00311884239718,0.21670141318,0.999888886831,0.960006665417,139
0.00308776197672,0.215518163432,0.999888886831,0.96017330431,140
0.00305572771001,0.215215436003,0.999888886831,0.960839859884,141
0.00442869292565,0.233452939628,0.999555547325,0.960173304241,142
0.0128061825862,0.290559448879,0.99670364272,0.957173804227,143
0.0101280644229,0.259349368756,0.997796255486,0.959506748667,144
0.00624070954863,0.227740459718,0.999129613511,0.963839359829,145
0.00656789893365,0.246962717844,0.999166651234,0.961839693176,146
0.00421561773868,0.24567661335,0.999685179355,0.962006332069,147
0.00350606238616,0.237679653442,0.999833330247,0.963172804394,148
0.00330640278881,0.234422701493,0.999888886831,0.9630061655,149
0.00324431784723,0.233271642912,0.999888886831,0.962672887713,150
0.501232828652,0.215739966194,0.856981481534,0.93766666619,1
0.182598510755,0.167108309348,0.949277777884,0.954333333333,2
0.132508011617,0.146197664678,0.96398148157,0.957166667144,3
0.105782299035,0.13662901938,0.971648148042,0.960833333651,4
0.0870999469614,0.127113409003,0.977074074109,0.962166667144,5
0.0739720088619,0.129101766666,0.981092592681,0.963833333651,6
0.0644274644443,0.124482825279,0.984074074109,0.966666666349,7
0.0561416674621,0.121305251539,0.987055555591,0.966833333492,8
0.0488508276906,0.127285396576,0.989537037072,0.96566666619,9
0.0434646275617,0.130616399715,0.99144444448,0.965666666826,10
0.0391078336531,0.133005748093,0.992000000018,0.967166666349,11
0.0356350492852,0.128000258029,0.99335185187,0.967833333492,12
0.031471474296,0.130544358949,0.995037037072,0.96866666619,13
0.0283460752291,0.136945082972,0.995962963016,0.968999999523,14
0.0255175438165,0.136022524625,0.996962962963,0.969333333492,15
0.0242149842426,0.138707038785,0.99722222224,0.969000000159,16
0.0220287495978,0.140287486946,0.997740740794,0.968833332856,17
0.0212747716848,0.149875552247,0.99787037037,0.967500000159,18
0.0224419543445,0.154129794622,0.997444444462,0.968499999523,19
0.0211590097359,0.161676265419,0.997796296332,0.965333333492,20
0.0222231687084,0.160476771414,0.996944444444,0.965999999682,21
0.0204000260648,0.157976472462,0.997888888907,0.966666666826,22
0.0176147040316,0.155448052866,0.998333333333,0.968666666667,23
0.0152354709283,0.157852297897,0.999333333333,0.968833332856,24
0.0151426165976,0.165035108857,0.999388888924,0.96866666619,25
0.0155436709727,0.165565560137,0.999277777778,0.966999999523,26
0.0141200872552,0.168944938769,0.999407407407,0.967666666826,27
0.0134382538531,0.164017185042,0.999481481499,0.966833332856,28
0.0125051491972,0.167377396613,0.99962962963,0.967333333492,29
0.0117420418185,0.162680787166,0.999740740741,0.969333332856,30
0.0112424242298,0.168085049947,0.999740740741,0.968500000159,31
0.0109001825485,0.171595703055,0.999740740741,0.967833333492,32
0.0142717237947,0.173243966331,0.998574074109,0.966833332856,33
0.0292685507928,0.200277447701,0.992981481499,0.966166666349,34
0.0250033891444,0.18952957356,0.995148148183,0.967166666349,35
0.0172650815069,0.177961716274,0.997685185185,0.968000000159,36
0.0132067254194,0.180889310365,0.999055555556,0.967999999523,37
0.0113840517374,0.180978441258,0.9995,0.968333332856,38
0.00977205211338,0.17503262498,0.999777777778,0.96916666619,39
0.00931567103843,0.173605434636,0.999796296296,0.968999999523,40
0.00911294567378,0.174383298874,0.999796296296,0.96966666619,41
0.00892617509597,0.172600580603,0.999796296296,0.968999999523,42
0.00877141847158,0.172705872436,0.999796296296,0.969333332856,43
0.00859800569672,0.171240757366,0.999796296296,0.969500000159,44
0.00847353038909,0.171137878567,0.999796296296,0.968999999523,45
0.00830232929231,0.170085925708,0.999759259259,0.969999999523,46
0.00820411810886,0.171304848284,0.999796296296,0.969333332856,47
0.00798666239019,0.167839163899,0.999796296296,0.969333333492,48
0.00783923955855,0.169897066663,0.999796296296,0.968333333492,49
0.00773105046733,0.16917615972,0.999796296296,0.969500000159,50
0.00802399955635,0.174569776634,0.999629629647,0.970333333492,51
0.0324621882626,0.196138072511,0.990685185221,0.964333333015,52
0.0191461917361,0.180731338978,0.996166666667,0.966166666985,53
0.012241102749,0.185295265734,0.998537037055,0.968833333015,54
0.00993690039714,0.168920096457,0.999537037037,0.971333333492,55
0.00880185154412,0.167524166405,0.99972222224,0.970333333651,56
0.00854248262252,0.165950636248,0.999722222222,0.971333333492,57
0.00840668990187,0.165177367489,0.999722222222,0.970999999682,58
0.00829715140233,0.165821289738,0.999722222222,0.971333333015,59
0.00823570290042,0.161836666246,0.999703703704,0.971000000318,60
0.00752944292749,0.162002464324,0.999759259259,0.971000000159,61
0.00741609555041,0.160994816264,0.999759259259,0.971999999682,62
0.00732841250514,0.16136993136,0.999759259259,0.971166666985,63
0.00777319472587,0.172684029371,0.999648148148,0.970000000159,64
0.0221185313505,0.192454599341,0.994148148166,0.964500000477,65
0.0143712785621,0.180755157193,0.997259259259,0.967500000318,66
0.00917153820409,0.183627998988,0.999481481481,0.967833333651,67
0.00805016212138,0.17383698537,0.999611111111,0.968333333651,68
0.00775663611658,0.175216896971,0.999648148148,0.969000000318,69
0.00725820656921,0.171665142039,0.999722222222,0.969000000318,70
0.00707769746458,0.169776753088,0.999759259259,0.969166666985,71
0.00697373306158,0.167978661656,0.999759259259,0.969500000318,72
0.00689925824713,0.16758311379,0.999759259259,0.969000000318,73
0.00681740414324,0.167041450381,0.999759259277,0.968999999682,74
0.00674272636642,0.164224910756,0.999759259259,0.969833333015,75
0.00667616419039,0.16489125512,0.999759259259,0.968833333015,76
0.00660961649022,0.165161496679,0.999759259259,0.969333333651,77
0.00653270187974,0.164381101986,0.999759259259,0.969833333651,78
0.00647859990169,0.163289934198,0.999759259259,0.969333333651,79
0.00646344995747,0.161952178458,0.999759259259,0.969666666349,80
0.00636455030726,0.16359108597,0.999759259259,0.969000000318,81
0.00652483219398,0.173810454985,0.999703703704,0.968499999841,82
0.0278293379689,0.20262553072,0.99303703709,0.965333333651,83
0.0146764715248,0.195494076908,0.997018518536,0.964999999682,84
0.00889209983208,0.182626994431,0.999222222222,0.967166666349,85
0.00821404336558,0.176138473133,0.999444444462,0.968000000159,86
0.00656696429317,0.175402368903,0.999759259259,0.968000000159,87
0.00642983990245,0.174689220071,0.999759259259,0.968500000159,88
0.0063574040252,0.174417020659,0.999759259259,0.968666666826,89
0.00629200550396,0.172628404101,0.999759259259,0.969000000159,90
0.00623933639743,0.172276055535,0.999759259259,0.968500000159,91
0.00617454468142,0.171655585587,0.999759259259,0.969166666826,92
0.00612719224773,0.170594775498,0.999759259259,0.969000000159,93
0.00607515639467,0.169777289033,0.999759259259,0.968833333492,94
0.00602272022184,0.169846308331,0.999759259259,0.969166666826,95
0.00597549012124,0.169541333556,0.999759259259,0.969166666826,96
0.00592666866196,0.168942686657,0.999759259259,0.970166666826,97
0.00588996908607,0.168763636609,0.999759259259,0.970666666826,98
0.0058603307729,0.168881577035,0.999759259259,0.969499999682,99
0.00578806331057,0.167807926158,0.999759259259,0.970000000159,100
0.00575026089926,0.16712527141,0.999759259259,0.970333333492,101
0.00572046816073,0.168787355681,0.999759259259,0.969333333492,102
0.00567363680996,0.167914547722,0.999759259259,0.970666666349,103
0.00567230594186,0.168755693058,0.999740740741,0.970833333015,104
0.0236005467657,0.19471759966,0.994018518536,0.967833333492,105
0.0136264818901,0.191159235656,0.997370370388,0.967833333492,106
0.00661982573855,0.17920661207,0.999481481481,0.970833333492,107
0.0054811317613,0.179007436136,0.999796296296,0.97016666619,108
0.00529274871435,0.177933407426,0.999796296296,0.969999999523,109
0.00522332071065,0.178368322273,0.999796296296,0.969666666826,110
0.00516940339303,0.178599205852,0.999796296296,0.970000000159,111
0.00512011853933,0.177815158685,0.999796296296,0.970000000159,112
0.00507374143325,0.176782799919,0.999796296296,0.970166666826,113
0.0050340277317,0.17653009824,0.999796296296,0.970166666826,114
0.00499231892817,0.176257915616,0.999796296296,0.970000000159,115
0.00495263265087,0.175862790068,0.999796296296,0.970500000159,116
0.00491435218489,0.175874842683,0.999796296296,0.970500000159,117
0.00487767947244,0.174601564129,0.999796296296,0.970833333492,118
0.00484444496367,0.174790094217,0.999796296314,0.970500000159,119
0.00480764319089,0.174361197829,0.999796296296,0.970500000159,120
0.00477545425541,0.174719243626,0.999796296296,0.970666666826,121
0.00474304415803,0.173752744039,0.999796296296,0.970166666826,122
0.00471026949077,0.173620758911,0.999796296296,0.969666666826,123
0.00468399669195,0.173987355848,0.999796296296,0.970333333492,124
0.00466672827021,0.173579821547,0.999796296296,0.971166666826,125
0.00464202317761,0.174144867996,0.999796296296,0.970333333492,126
0.00460445962136,0.174872038106,0.999796296296,0.970000000159,127
0.00459189141066,0.177440771461,0.999796296296,0.970166666826,128
0.0195698159966,0.229366390646,0.994703703774,0.964833333651,129
0.0111441445297,0.206633557717,0.997648148148,0.968166666667,130
0.00645610309917,0.194473097771,0.999425925944,0.969333332856,131
0.00589282887405,0.190455392818,0.9995,0.969499999682,132
0.00482295572661,0.192099240502,0.999777777778,0.970166666826,133
0.00425822204879,0.192164813101,0.999833333333,0.970166666826,134
0.0041941458765,0.193223634283,0.999833333333,0.970166666826,135
0.00415319050476,0.192619372567,0.999833333333,0.970333333492,136
0.0041150898218,0.192183371067,0.999833333333,0.969666666826,137
0.0040798584525,0.19138076359,0.999833333333,0.970166666826,138
0.00404651944836,0.190939822137,0.999833333333,0.970333333492,139
0.00401419910778,0.189906612972,0.999833333333,0.969666666826,140
0.00398455886805,0.189144302487,0.999833333333,0.970333333492,141
0.00395431318413,0.18856481872,0.999833333333,0.969499999523,142
0.00392600585986,0.188508174618,0.999833333333,0.970000000159,143
0.0038985757449,0.187253528893,0.999833333333,0.970166666826,144
0.0038717665139,0.18638295577,0.999833333333,0.970166666826,145
0.00384944822832,0.185125380357,0.999833333333,0.969500000159,146
0.00383002171338,0.185879001717,0.999833333333,0.970166666826,147
0.00380167933388,0.184204587599,0.999833333351,0.970166666826,148
0.00378049582171,0.184990335385,0.999833333333,0.969833333492,149
0.00376305240631,0.182329186141,0.999833333333,0.970000000159,150
0.500644823772,0.232142105063,0.856981481552,0.935166666667,1
0.181823343822,0.173587315261,0.949833333227,0.948166666985,2
0.133413902172,0.151799834947,0.962925925908,0.955166666985,3
0.106079569568,0.143998902142,0.971037037072,0.959333333651,4
0.0883327272225,0.139639114598,0.976185185309,0.959666666349,5
0.0741666190823,0.132487736563,0.980685185079,0.961833333651,6
0.0642203312582,0.132375691315,0.98398148157,0.962500000159,7
0.0546611866554,0.139364663223,0.98738888896,0.962833333015,8
0.0483913929385,0.139797277788,0.988944444497,0.962666666349,9
0.0428716089107,0.148817413092,0.99107407418,0.963333332856,10
0.0392319021468,0.138022979577,0.992000000053,0.965166666349,11
0.0338403725558,0.141541455328,0.993833333386,0.965499999682,12
0.0327667444061,0.152424105763,0.994092592593,0.963333333492,13
0.0300606947972,0.148901530047,0.994814814868,0.964166666985,14
0.0262511202842,0.150989281754,0.996203703704,0.966666666349,15
0.0243968339678,0.146849903107,0.996722222222,0.965833333015,16
0.0232402697327,0.146790808032,0.99722222224,0.966833333015,17
0.0214987395378,0.162610840917,0.997648148148,0.963499999682,18
0.0207038810838,0.153126771927,0.997703703704,0.967166666349,19
0.0194325839198,0.14896674643,0.998111111129,0.968166666985,20
0.0185205509039,0.16100085177,0.998462962963,0.965333333492,21
0.018062998414,0.168348737001,0.998518518519,0.965666666349,22
0.0160188783476,0.162096677532,0.999018518519,0.96816666619,23
0.0142955550391,0.163859916826,0.9995,0.967333333492,24
0.0139777230678,0.165670444032,0.999222222222,0.968666666826,25
0.0140922750088,0.161824924221,0.999314814815,0.96966666619,26
0.0134032524645,0.168365861237,0.999296296296,0.966166666826,27
0.013147905932,0.172969214817,0.999518518519,0.967500000159,28
0.0141229134224,0.166723349988,0.999185185221,0.966166666349,29
0.0232642384679,0.187665874441,0.995574074109,0.966666666826,30
0.0272834250883,0.186389048835,0.993833333386,0.965999999682,31
0.0192733214216,0.182996911863,0.996574074092,0.965333333015,32
0.0141910390815,0.172312022785,0.999018518519,0.967666666826,33
0.0120844320912,0.167213794231,0.999481481481,0.968500000159,34
0.0113844933863,0.170585012396,0.999685185203,0.969499999682,35
0.0103476195569,0.165034785171,0.999740740741,0.968999999682,36
0.00979884347927,0.164139077504,0.999796296296,0.969333333015,37
0.0095704160243,0.163645845671,0.999796296296,0.969500000159,38
0.00933508408277,0.163851778289,0.999796296296,0.969333333492,39
0.00916250260975,0.162683701058,0.999796296296,0.969666666826,40
0.00900262737343,0.164070698917,0.999796296296,0.968666666826,41
0.00881350585873,0.162135082344,0.999796296296,0.96966666619,42
0.0087770123617,0.163839262029,0.999777777778,0.968999999523,43
0.008570282858,0.164317611416,0.999796296296,0.967666666349,44
0.00842877133687,0.161826543152,0.999796296296,0.968333332856,45
0.00824186277583,0.162626258473,0.999796296296,0.968833333015,46
0.0081344653924,0.163818940381,0.999796296296,0.968500000159,47
0.0090889625828,0.184031757295,0.999425925944,0.965666666826,48
0.0331777372584,0.195340008597,0.990796296296,0.963833333492,49
0.0180157767981,0.192176685373,0.996722222258,0.964333333492,50
0.0105246744727,0.183483008166,0.999314814815,0.967833332856,51
0.00877294449039,0.18119413958,0.999611111111,0.967166666826,52
0.00751633368791,0.175535420964,0.999814814815,0.968499999523,53
0.00721261286032,0.174012715916,0.999814814815,0.96766666619,54
0.0070605385545,0.173926696241,0.999814814815,0.96766666619,55
0.00694856548102,0.173765267412,0.999814814815,0.968333332856,56
0.00683654581666,0.173143718203,0.999814814815,0.96766666619,57
0.00674598955211,0.172539016008,0.999814814815,0.96816666619,58
0.006652414416,0.171407024741,0.999814814815,0.968499999523,59
0.00655444347589,0.171240444442,0.999814814815,0.967999999523,60
0.00645911096919,0.17049304378,0.999814814815,0.967833332856,61
0.00637752343204,0.169638694902,0.999814814815,0.968499999523,62
0.00628727733206,0.17145905897,0.999814814815,0.96766666619,63
0.00702377301841,0.185326335609,0.999537037055,0.966333333492,64
0.0243794393887,0.194164838113,0.993518518554,0.9645,65
0.0151394864871,0.180125540316,0.997277777778,0.965833332856,66
0.0100378133806,0.174997559321,0.998962962963,0.968333332856,67
0.00728753369136,0.172054092983,0.99962962963,0.96866666619,68
0.00674457390765,0.169848809371,0.999740740741,0.96916666619,69
0.00622278661184,0.167005819152,0.999814814815,0.969499999523,70
0.00608422278875,0.168636172235,0.999814814815,0.969499999523,71
0.00599422709554,0.167364021937,0.999814814815,0.96966666619,72
0.0059131636107,0.167594933659,0.999814814815,0.969499999523,73
0.00584058060801,0.167423640976,0.999814814815,0.96916666619,74
0.00576559621592,0.165979985227,0.999814814815,0.968999999523,75
0.00570713719864,0.16489666303,0.999814814815,0.96966666619,76
0.0056347017313,0.165367858479,0.999814814815,0.968999999523,77
0.00557039837091,0.165759204755,0.999814814815,0.968833332856,78
0.00550973978514,0.164938774516,0.999814814815,0.96916666619,79
0.00545963529925,0.164196691672,0.999814814815,0.969333332856,80
0.00875410957027,0.208375820875,0.99885185187,0.961833333492,81
0.0233135885908,0.197675780227,0.993500000018,0.967333332856,82
0.0102459683932,0.188088896861,0.998240740758,0.96666666619,83
0.00630441778843,0.180357851923,0.999592592593,0.968333332856,84
0.00520974057085,0.177814589779,0.999851851852,0.968999999523,85
0.00498665842,0.176486843149,0.999851851852,0.96916666619,86
0.00489870046907,0.17643192776,0.999851851852,0.968833332856,87
0.00482950337059,0.176059382419,0.999851851852,0.968833332856,88
0.00476592252231,0.175257454673,0.999851851852,0.968999999523,89
0.00470672781317,0.176295935829,0.999851851852,0.968333332856,90
0.0046487840959,0.175322155575,0.999851851852,0.968999999523,91
0.0045943338117,0.174765332778,0.999851851852,0.968833332856,92
0.00454115168405,0.173902081112,0.999851851852,0.968333332856,93
0.00449226766797,0.174326489151,0.999851851852,0.968333332856,94
0.00444329566098,0.173216628055,0.999851851852,0.968333332856,95
0.00440106044503,0.172016047577,0.999851851852,0.96866666619,96
0.00435707731462,0.171041065991,0.999851851852,0.96966666619,97
0.00681869580721,0.254510384599,0.999055555556,0.957999999682,98
0.0238658733335,0.195687383582,0.993777777778,0.964666666826,99
0.0101273424507,0.195936786701,0.998462962963,0.96666666619,100
0.00605652449777,0.183286230356,0.999537037037,0.968833332856,101
0.00439358821663,0.182796633164,0.99987037037,0.967999999523,102
0.00424667763862,0.183149326315,0.99987037037,0.968333332856,103
0.00417353731145,0.182463691215,0.99987037037,0.968333332856,104
0.00411743810718,0.182155608545,0.99987037037,0.968499999523,105
0.00406610798912,0.181223599513,0.99987037037,0.968499999523,106
0.00402189682928,0.181017824302,0.99987037037,0.968833332856,107
0.00397474877419,0.179860837817,0.99987037037,0.968333332856,108
0.00393145592373,0.179814935853,0.99987037037,0.96816666619,109
0.00388986798586,0.178672921091,0.99987037037,0.96816666619,110
0.00385250936273,0.178595151335,0.99987037037,0.968833332856,111
0.00380773912481,0.17768324857,0.99987037037,0.968999999523,112
0.003775157192,0.177822346687,0.99987037037,0.968833332856,113
0.00374023967878,0.179638909668,0.99987037037,0.967999999523,114
0.0182454270235,0.213605353763,0.995407407407,0.963999999682,115
0.00859546032196,0.195559469158,0.99837037037,0.966999999523,116
0.00640484329258,0.188623568942,0.999333333333,0.967499999523,117
0.00394057350495,0.186208363826,0.999833333333,0.969666666826,118
0.00346730486166,0.185034495647,0.999888888889,0.968500000159,119
0.0033253037448,0.184039768686,0.999907407407,0.969166666826,120
0.00326258001984,0.182967891783,0.999907407407,0.970166666826,121
0.00321418899122,0.1833153065,0.999907407407,0.969500000159,122
0.00316932799095,0.182086207544,0.999907407407,0.969999999523,123
0.00312702459125,0.180857199237,0.999907407407,0.970499999523,124
0.00308475700662,0.179043498153,0.999907407407,0.97066666619,125
0.00304784640753,0.178226531307,0.999907407407,0.970499999523,126
0.00300897813078,0.177419229746,0.999907407407,0.97066666619,127
0.00297331691157,0.176327792898,0.999907407407,0.970333332856,128
0.00294003907288,0.176475803067,0.999907407425,0.969833332856,129
0.0029112342228,0.174816386516,0.999907407407,0.97016666619,130
0.00287976198947,0.174721205547,0.999907407407,0.96916666619,131
0.00285321938371,0.174473735025,0.999907407407,0.969333332856,132
0.00281760450487,0.171716450791,0.999907407407,0.969999999523,133
0.00280747087952,0.172464121694,0.999907407407,0.96966666619,134
0.00278823489799,0.175251524662,0.999907407407,0.968999999523,135
0.0141731536797,0.213013655434,0.996111111146,0.965999999523,136
0.0121295669651,0.214880538503,0.997092592593,0.966333332856,137
0.00646071716395,0.1997934828,0.999018518519,0.967999999523,138
0.00429242648929,0.191273164749,0.999740740741,0.969333332856,139
0.00376897200225,0.19021011432,0.99987037037,0.969333332856,140
0.00363160946876,0.190021301309,0.99987037037,0.969333332856,141
0.00357757040293,0.189562362949,0.99987037037,0.969499999523,142
0.00353655997274,0.188348325988,0.99987037037,0.969333332856,143
0.00350039356512,0.188333181659,0.99987037037,0.969499999523,144
0.00346498858111,0.187305118084,0.99987037037,0.96966666619,145
0.00343228918417,0.186641738435,0.99987037037,0.969499999523,146
0.00340009785271,0.185800200045,0.99987037037,0.969333332856,147
0.00336999359054,0.184775448998,0.99987037037,0.96966666619,148
0.00334170529284,0.182670114259,0.99987037037,0.969833332856,149
0.00331184438088,0.182379783889,0.99987037037,0.969999999523,150
0.487394174072,0.250342041977,0.858447065817,0.928321386689,1
0.179691692014,0.203699361167,0.948686135458,0.942657109816,2
0.129091772783,0.17844297124,0.963815484905,0.949824971325,3
0.103591463835,0.174428908032,0.971259791494,0.95265877686,4
0.0850443251272,0.168439829478,0.97685228052,0.95465911015,5
0.0725198708173,0.165668633205,0.981204051783,0.956159360291,6
0.0628206531954,0.167379402651,0.983815114539,0.957826304682,7
0.0543238254229,0.163680226602,0.987129867969,0.959826637972,8
0.0490524355724,0.167727433166,0.988611322017,0.961826971559,9
0.043340230566,0.169360149533,0.990037221534,0.961326888113,10
0.0389152473132,0.177339435145,0.992370511659,0.959493249272,11
0.0347110159086,0.182299598443,0.993703820303,0.95982663817,12
0.0303895646529,0.182031595038,0.994796392663,0.960826804865,13
0.0280905662189,0.190384712887,0.995500083332,0.958826471476,14
0.0251987603417,0.191289464908,0.996370437586,0.95799299933,15
0.0237212227463,0.190188245791,0.997074128257,0.960326721617,16
0.0229715849906,0.193185734799,0.997203755486,0.962160360457,17
0.0220956493941,0.204232340757,0.997240791838,0.958826471377,18
0.0210866267363,0.203523501394,0.997333382716,0.958993165726,19
0.0223006428348,0.203885634885,0.996925982855,0.961493582661,20
0.0198006637585,0.209385412164,0.997722264403,0.960826804865,21
0.0176636806559,0.21043857174,0.998388918724,0.959993332619,22
0.0160450064321,0.207909209914,0.999111127572,0.963160527053,23
0.0145060358169,0.220386571945,0.999388900206,0.960826804865,24
0.0139527500732,0.21645722627,0.999425936557,0.961493582562,25
0.0130291658194,0.212630912657,0.999574081963,0.963160527053,26
0.0132099702213,0.225402664569,0.999407418381,0.960493415967,27
0.016681831088,0.229441107,0.998092627918,0.95982663817,28
0.0200222539847,0.237684305769,0.996666728395,0.958826471575,29
0.0204922103236,0.234576265511,0.996888946503,0.960826804765,30
0.0174357042944,0.237830556856,0.99827780967,0.958659777027,31
0.016171309914,0.231725489307,0.998259291496,0.963660610499,32
0.0135678342566,0.222390954831,0.999296309328,0.962993832603,33
0.0130708832807,0.226165807956,0.999277791152,0.964160693846,34
0.0116078225997,0.218966806513,0.999685191015,0.964494082744,35
0.0106352053138,0.220041427923,0.999777781893,0.964827471742,36
0.010282443952,0.216769942114,0.999777781893,0.965827638337,37
0.00998851677688,0.217062401024,0.999777781893,0.96549424934,38
0.00979732589485,0.216166500932,0.999777781893,0.964327388196,39
0.00961566107111,0.215203374721,0.999777781894,0.964327388395,40
0.00978025036447,0.237551572646,0.99962963649,0.960160027168,41
0.0268374057052,0.256555830184,0.993518638546,0.955659276944,42
0.0234272714802,0.225111171541,0.994777874487,0.961993666008,43
0.0138796572991,0.221095351887,0.998240773319,0.963493915851,44
0.0102348986028,0.224343241086,0.999462972908,0.963660610598,45
0.00911996121953,0.224244847231,0.999759263717,0.96532755499,46
0.00871427127844,0.222396495454,0.999759263717,0.964827471643,47
0.00842238576876,0.220653143731,0.999796300069,0.964994166191,48
0.00824834731366,0.21978117774,0.999796300069,0.964827471643,49
0.00809820876774,0.219883014898,0.999796300069,0.964160693846,50
0.00795645111345,0.217714917739,0.999796300069,0.964827471643,51
0.00783391653878,0.21899328677,0.99979630007,0.963993998493,52
0.0103592360457,0.228571594072,0.999185200275,0.961826971559,53
0.0143522071505,0.226848994002,0.997407455419,0.963993999497,54
0.0159969334171,0.233281962935,0.996925982852,0.962327054907,55
0.010671396125,0.22530071487,0.998888909465,0.964160693846,56
0.00844380164621,0.220518874966,0.999648154664,0.964494082546,57
0.00764934104867,0.219349770948,0.999703709191,0.965660943888,58
0.0071631146537,0.21857882057,0.999814818244,0.96532755499,59
0.00697376526067,0.217373167372,0.999814818244,0.965994332786,60
0.00683701051206,0.216204067484,0.999814818244,0.966161027235,61
0.00672201929836,0.215172860452,0.999814818244,0.966161027235,62
0.00660417570452,0.214018139994,0.999814818244,0.966161027136,63
0.00650280347571,0.212190127712,0.999814818244,0.965494249439,64
0.00640135800779,0.210986111507,0.999814818244,0.965160860441,65
0.00632232307146,0.211701752583,0.999814818244,0.965660943888,66
0.00626297233878,0.210857539515,0.999814818244,0.965827638238,67
0.00616847620719,0.209788760176,0.999814818244,0.96716119383,68
0.006969402916,0.226060986333,0.999481491083,0.960993499115,69
0.0290519873635,0.241279882808,0.991796448215,0.960660109512,70
0.0126815821817,0.237391229679,0.997870409809,0.962327054708,71
0.0081324252697,0.238165465004,0.999425936557,0.962827138154,72
0.00651853325051,0.232116453415,0.999796300069,0.964994166092,73
0.00615767051934,0.228398092112,0.999814818245,0.966161027136,74
0.00602246803909,0.228556649787,0.999814818244,0.965494249439,75
0.00592715835535,0.227183128689,0.999814818244,0.965827638138,76
0.00585353194927,0.226231345667,0.999814818244,0.966494416133,77
0.00578761585506,0.225619359394,0.999814818244,0.965494249439,78
0.00571500029301,0.225347996839,0.999814818244,0.966161027136,79
0.00565073273304,0.223797545975,0.999814818244,0.966494416133,80
0.00559110614373,0.222412437911,0.999814818244,0.965827638238,81
0.00552757549934,0.221833743035,0.999814818244,0.966494416034,82
0.00547516603796,0.221073520205,0.999814818244,0.965494249439,83
0.00540801804985,0.221075133006,0.999814818244,0.966327721585,84
0.00535230056975,0.22121823727,0.999814818244,0.965994332687,85
0.00529486505197,0.219098853611,0.999814818244,0.966327721585,86
0.00527555562523,0.220101470971,0.999814818244,0.96549424934,87
0.00620376150372,0.24824026223,0.999555563787,0.960826804765,88
0.0311089065775,0.230541026767,0.990981648489,0.962327054002,89
0.0124509542225,0.229912413945,0.9976481917,0.962327055006,90
0.00723613835521,0.230613510904,0.999333345679,0.964994166092,91
0.00594697510492,0.221515942636,0.999666672839,0.965994332587,92
0.00515175443814,0.221520840856,0.99983333642,0.966661110483,93
0.00504127273461,0.221235179227,0.99983333642,0.966994499381,94
0.00497260140373,0.220343534202,0.99983333642,0.966994499381,95
0.00491509440056,0.220027020361,0.99983333642,0.967327888279,96
0.00485912080295,0.219192165072,0.99983333642,0.966994499381,97
0.00481275985099,0.218052387059,0.99983333642,0.96716119383,98
0.00476291630947,0.218638980522,0.99983333642,0.967327888379,99
0.00472031648682,0.217487518823,0.99983333642,0.966994499481,100
0.00467379799281,0.216236325398,0.99983333642,0.968161360624,101
0.00463322877307,0.215070801554,0.99983333642,0.968161360624,102
0.00458985814144,0.215737080247,0.999833336421,0.967994666076,103
0.00455910975756,0.21543531214,0.99983333642,0.967661277277,104
0.00451318155428,0.215716295884,0.99983333642,0.967827971726,105
0.00447230291471,0.214711609496,0.99983333642,0.96716119393,106
0.00443109950562,0.215593472491,0.99983333642,0.96716119393,107
0.00439304297535,0.214861279705,0.99983333642,0.96716119393,108
0.00444106664509,0.217586756306,0.999814818244,0.967661277277,109
0.0237876336373,0.255594143762,0.993444565844,0.961493582661,110
0.0121791446019,0.248716492606,0.997444491769,0.963160527152,111
0.00636677610167,0.232726168175,0.999388900207,0.964160693747,112
0.00508512601495,0.230074965456,0.999740745542,0.965160860441,113
0.00468103915349,0.229485135594,0.99983333642,0.965494249439,114
0.00456688114471,0.228822862278,0.99983333642,0.966161027235,115
0.00450883945801,0.229242406583,0.99983333642,0.965994332786,116
0.00446171769085,0.227765712977,0.99983333642,0.965994332786,117
0.00441698529097,0.227582830753,0.99983333642,0.965660943888,118
0.00437642635278,0.22661282755,0.99983333642,0.965827638337,119
0.00433848837017,0.225058762694,0.99983333642,0.966327721585,120
0.00429833596131,0.225227310156,0.99983333642,0.966327721585,121
0.00426141124181,0.223497523106,0.99983333642,0.966661110582,122
0.00422609552503,0.222969474944,0.99983333642,0.966494416133,123
0.00419178106716,0.2214673592,0.99983333642,0.966661110483,124
0.0041622317216,0.220331270594,0.99983333642,0.966327721784,125
0.00412713534885,0.218615021,0.999833336421,0.966494416233,126
0.00409996968288,0.218603679872,0.99983333642,0.966161027335,127
0.00407002404184,0.219136496078,0.99983333642,0.966494416133,128
0.00404530889456,0.220285850997,0.99983333642,0.965160860541,129
0.00401522967286,0.21865029684,0.99983333642,0.965994332786,130
0.00398680062059,0.219469321486,0.99983333642,0.966161027136,131
0.00399737005827,0.218304159239,0.99983333642,0.966494416133,132
0.00397994994816,0.229758655286,0.999833336421,0.964994166191,133
0.0256920277612,0.244564486218,0.992796429696,0.962160360358,134
0.00876405064946,0.239473479239,0.998462991426,0.962160360358,135
0.00581882279947,0.238534965246,0.999592600137,0.962827138154,136
0.00468222127859,0.236186265002,0.999777781893,0.963493915951,137
0.00421984995809,0.234577494443,0.99983333642,0.9636606104,138
0.00416539204359,0.233237475405,0.99983333642,0.963993999298,139
0.00412448051126,0.232002839078,0.99983333642,0.963993999298,140
0.00408835878657,0.230384483899,0.99983333642,0.964160693747,141
0.00405531902489,0.229397903037,0.99983333642,0.964327388196,142
0.00402475627005,0.228147629947,0.99983333642,0.964327388196,143
0.00399218812026,0.226299406121,0.99983333642,0.964494082645,144
0.00396184806516,0.22597970996,0.99983333642,0.964160693747,145
0.00393240426754,0.224417282027,0.99983333642,0.964827471543,146
0.00390697158461,0.222519581679,0.99983333642,0.964327388196,147
0.00387833835694,0.220818103974,0.99983333642,0.964827471543,148
0.00385286660736,0.219591354575,0.99983333642,0.966494416034,149
0.00382932291303,0.217684826035,0.99983333642,0.965160860541,150
0.525026738735,0.255137156478,0.84722505141,0.925654275901,1
0.182435291028,0.194791851952,0.947778744851,0.945657609691,2
0.132388806892,0.169226108496,0.962463658089,0.95332555415,3
0.104608012046,0.161062606992,0.970741282571,0.958159692974,4
0.0861039202468,0.15049518648,0.97635228978,0.959493248567,5
0.0724627542887,0.149141861789,0.980111479424,0.959159859669,6
0.0623123361443,0.146982950051,0.984129923523,0.961160192859,7
0.0539019456473,0.152313440671,0.986907649865,0.959493248368,8
0.0473897633433,0.15051484754,0.988889094651,0.962327054002,9
0.0411613429445,0.150696616716,0.990685357683,0.963827304948,10
0.0366541970145,0.154251488852,0.99244458436,0.96166027711,11
0.0326833381157,0.157779393983,0.994185292866,0.960660110316,12
0.0298425627338,0.16386138836,0.99496305624,0.960993499314,13
0.0264876463658,0.163797751044,0.996333401238,0.963493915951,14
0.0257612391308,0.175839349066,0.99618525583,0.95982663827,15
0.0228344995434,0.167994668067,0.997388937242,0.961660276206,16
0.0224577806124,0.175511581167,0.997500046295,0.960993499314,17
0.0205128659913,0.177833398236,0.997963000685,0.960493415867,18
0.0191275088665,0.178673415281,0.998481509603,0.960160027168,19
0.0180820064719,0.179193131918,0.998333364198,0.962660443904,20
0.0174450727703,0.179884800453,0.998629655007,0.962327054807,21
0.0194254569829,0.190846417311,0.997666709877,0.959659943622,22
0.019365455906,0.194926081662,0.99781485528,0.963827304948,23
0.0170844245674,0.201199400791,0.998481509603,0.960493415063,24
0.016075456519,0.202596224972,0.998962982167,0.962993832603,25
0.015272965694,0.196811064983,0.999018536694,0.964327388395,26
0.015842575255,0.202155780725,0.998722245884,0.96099349841,27
0.0151418543479,0.20113162477,0.998666691358,0.962993832802,28
0.0138077431582,0.199092223783,0.998870391289,0.962160360358,29
0.0111953790533,0.19626200221,0.999703709191,0.962993832504,30
0.0104017365793,0.195787250074,0.999740745542,0.963327221502,31
0.00994046994214,0.196252797418,0.999814818244,0.961660277011,32
0.00960768553894,0.1974438372,0.99983333642,0.9636606104,33
0.00943439848227,0.198568581978,0.999796300069,0.962993832504,34
0.00914478499928,0.195499784928,0.999851854595,0.962827138154,35
0.00900580666864,0.198558557975,0.999814818244,0.962660443606,36
0.00895973620078,0.197606927925,0.99983333642,0.963327221502,37
0.00862857325431,0.197059267301,0.99983333642,0.963660610499,38
0.0200519419629,0.24587388947,0.995685265089,0.952158692708,39
0.0277034965678,0.203416419372,0.992500138887,0.96166027711,40
0.0156719918359,0.204340237086,0.997555600822,0.963160526248,41
0.0101341383989,0.193050844863,0.999407418381,0.965660943888,42
0.00787124761391,0.193174524235,0.999796300069,0.966994499381,43
0.00713301269247,0.189363321345,0.999888890946,0.96716119383,44
0.00663458186007,0.189651255335,0.999907409122,0.966827804932,45
0.00647437800761,0.190041252927,0.999907409122,0.966161027136,46
0.00631677530648,0.189621208248,0.999907409122,0.96716119383,47
0.0061659025288,0.188258651555,0.999907409122,0.967994666076,48
0.00603063470096,0.189219599258,0.999907409123,0.967494582629,49
0.00591900148683,0.190133885029,0.999907409122,0.967161193731,50
0.00580407016947,0.191386376404,0.999907409122,0.96732788818,51
0.00566792716725,0.188840883946,0.999907409122,0.967827971527,52
0.00554175503639,0.190876266336,0.999907409122,0.966661110384,53
0.00542661822248,0.193332273529,0.999907409122,0.965994332587,54
0.00534129989634,0.189569989107,0.999907409122,0.965660943789,55
0.00747464734881,0.21706591703,0.999277791152,0.960326721518,56
0.0234406466573,0.205355835052,0.993518638548,0.96199366581,57
0.0142109196687,0.214655009741,0.997129682784,0.966161027136,58
0.00819877381418,0.210893964386,0.99937038203,0.965327554791,59
0.00646435434185,0.201621463449,0.999740745542,0.965660943689,60
0.00586558969831,0.198218069122,0.999851854595,0.966327721486,61
0.00563867581795,0.198945949588,0.999870372771,0.966494415935,62
0.00551679929928,0.197698516229,0.999870372771,0.966161027037,63
0.00542777943767,0.197147105717,0.999870372771,0.966161027037,64
0.00533335885024,0.197106037429,0.999870372771,0.966494416034,65
0.00525543927034,0.196358224358,0.999870372771,0.965827638138,66
0.00517193416876,0.196961177369,0.999870372771,0.965660943789,67
0.00508839903002,0.195381387887,0.999870372771,0.966327721585,68
0.00501651923955,0.196864086733,0.999870372771,0.966327721486,69
0.00494018841945,0.196021955668,0.999870372771,0.966494416133,70
0.00487759887724,0.195922914275,0.999870372771,0.966494416034,71
0.00480983960754,0.194422440455,0.999870372771,0.96716119383,72
0.00475018713666,0.197926083561,0.999870372771,0.966327721684,73
0.00469965939362,0.195674478104,0.999870372771,0.965994332687,74
0.00465205229646,0.198084983729,0.999870372771,0.966494416034,75
0.0121664667976,0.249112282565,0.997555600826,0.957659610432,76
0.0275559925198,0.219675544933,0.992666802468,0.966327721585,77
0.00867138939027,0.205316891805,0.998870391289,0.96716119393,78
0.0053322143412,0.2037200302,0.999759263717,0.966661110582,79
0.00522523439733,0.202973583668,0.999740745542,0.966327721585,80
0.00442652620056,0.201184201246,0.999888890946,0.967661277178,81
0.00431207791553,0.201452292739,0.999888890946,0.967827971627,82
0.00423760205105,0.200960492324,0.999888890946,0.967327888279,83
0.00417652013018,0.200229413195,0.999888890946,0.967661277178,84
0.00411857651042,0.1997127361,0.999888890946,0.966661110483,85
0.00406094754282,0.199943387445,0.999888890946,0.967327888279,86
0.00401033406633,0.199596391164,0.999888890946,0.96716119383,87
0.00395706744226,0.198885639271,0.999888890946,0.96716119383,88
0.00391357531884,0.199221385446,0.999888890946,0.96549424934,89
0.00386803476399,0.199660109061,0.999888890946,0.966327721784,90
0.00382168127167,0.196685353566,0.999888890946,0.966661110682,91
0.00377272283713,0.197963832723,0.999888890946,0.966494416034,92
0.00372365174718,0.196461810271,0.999888890946,0.967494582828,93
0.00371022104875,0.196848403615,0.999888890946,0.966327721784,94
0.00368306674253,0.198030399653,0.999888890946,0.965994332786,95
0.00363311974361,0.201320281879,0.999888890946,0.965827638436,96
0.00362726947449,0.198594355192,0.999888890946,0.965827638436,97
0.00353337267681,0.197279407307,0.999888890946,0.96532755499,98
0.00349824183759,0.199156686865,0.999888890946,0.96716119383,99
0.00347354029742,0.198779005069,0.999888890946,0.966161027235,100
0.00340888490308,0.199712293387,0.999888890946,0.965327555089,101
0.00355308896853,0.216099534542,0.999888890946,0.963660610499,102
0.026218662881,0.237530196641,0.992685320642,0.962660443,103
0.00856366304158,0.22027596149,0.998666691358,0.961660277011,104
0.00481449014131,0.21583773353,0.999685191015,0.965160860441,105
0.00398642009822,0.218409634763,0.999814818244,0.964160693946,106
0.00364249557652,0.214670924035,0.999888890946,0.965160860441,107
0.00354832597664,0.214623114264,0.999888890946,0.964994165992,108
0.00349277706193,0.214221817726,0.999888890946,0.964827471543,109
0.00380080090645,0.217807402952,0.999814818244,0.964160693846,110
0.00419240540622,0.217532806003,0.999666672839,0.964994165992,111
0.00323117093373,0.21729275775,0.999888890946,0.96532755499,112
0.00318607008484,0.216340188559,0.999888890946,0.966161027235,113
0.00306275748789,0.214282831099,0.999907409122,0.965160860441,114
0.00300824838121,0.212706025649,0.999907409122,0.965827638337,115
0.00296793560473,0.21198353181,0.999907409122,0.965160860541,116
0.00293397004298,0.211381406951,0.999907409122,0.965494249538,117
0.00289869764279,0.21149299394,0.999907409122,0.965827638238,118
0.00286546533547,0.210025724532,0.999907409122,0.965994332587,119
0.00283542863478,0.208870512358,0.999907409122,0.96532755499,120
0.00280666955701,0.210369174064,0.999907409122,0.964327388295,121
0.00278520250262,0.209964311484,0.999907409122,0.965327554891,122
0.00275331900322,0.207159829398,0.999907409122,0.965994332687,123
0.00272753942857,0.209230575818,0.999907409122,0.964660777094,124
0.00284006467879,0.231585247648,0.999851854595,0.960993499413,125
0.0212106057411,0.247605447517,0.993277902263,0.961826971659,126
0.00818391738159,0.232192829626,0.998296327848,0.963827304849,127
0.00608346270019,0.225511809519,0.999222236625,0.965827638138,128
0.00304175988119,0.22200909871,0.999851854595,0.966494415935,129
0.00272253733915,0.220458268446,0.999925927298,0.966494415935,130
0.0026684464643,0.219551606918,0.999925927298,0.967161193731,131
0.00262746085431,0.218797251771,0.999925927298,0.966661110384,132
0.00259192367995,0.217782897842,0.999925927298,0.966994499282,133
0.00255890423818,0.216928623407,0.999925927298,0.966827804833,134
0.00252543793685,0.215238165284,0.999925927298,0.96732788818,135
0.00249378898848,0.214855020208,0.999925927298,0.967494582629,136
0.00246177243856,0.213469129087,0.999925927298,0.967327888279,137
0.00243084792117,0.211683353882,0.999925927298,0.966827804932,138
0.00240181523317,0.211016413055,0.999925927298,0.966827804932,139
0.00237353574253,0.209039465847,0.999925927298,0.96716119383,140
0.0023468500033,0.208481385094,0.999925927298,0.96716119383,141
0.00232152060631,0.207494979608,0.999925927298,0.96716119383,142
0.00229557259848,0.205435630865,0.999925927298,0.96716119393,143
0.00227129778184,0.205828904418,0.999925927298,0.966494416133,144
0.00224933248986,0.20565072632,0.999925927298,0.967827971527,145
0.00222732537591,0.203650480853,0.999925927298,0.96716119383,146
0.00220468117877,0.202861528297,0.999925927298,0.967494582728,147
0.00218615447949,0.202298374231,0.999925927298,0.967327888279,148
0.00216544612484,0.202207245525,0.999925927298,0.966994499381,149
0.0021504112868,0.206531731809,0.999925927298,0.965827638337,150
0.485463371,0.262263037498,0.856539693723,0.92415402587,1
0.184005575942,0.212480822344,0.947149126876,0.940990165127,2
0.135265945865,0.187534444992,0.961334049375,0.949991665476,3
0.106708277632,0.176739874396,0.97018573731,0.952658776661,4
0.0886158067942,0.171199732151,0.975815262684,0.954492415601,5
0.0739182946175,0.171813241159,0.980000370368,0.95465911005,6
0.0647229375367,0.166223398704,0.983148460216,0.956659443439,7
0.0552209829818,0.165605475003,0.986240995543,0.956826137888,8
0.0487549837001,0.167748889555,0.988444658433,0.957659610233,9
0.042981896993,0.162887982484,0.989944630658,0.956992832437,10
0.0377344352378,0.16631528004,0.992018666322,0.959159860175,11
0.0331133545458,0.171982977475,0.993351974965,0.958493082379,12
0.0291986995966,0.167060889981,0.994833429013,0.959493249074,13
0.0264469117764,0.176565593812,0.99575933779,0.958993165726,14
0.0246622389851,0.175303513423,0.996333401234,0.960660110316,15
0.0227697671754,0.183978269597,0.996685246571,0.959993332421,16
0.021102784526,0.184734669479,0.997370419067,0.961160193763,17
0.0193374729257,0.187726668498,0.997740782578,0.960993499115,18
0.0195281006692,0.192790788054,0.997888927983,0.958493082379,19
0.0181586862576,0.192444973207,0.998166700617,0.959159860374,20
0.016196349169,0.18648242629,0.998666691359,0.960826804666,21
0.0158487832567,0.199334103498,0.99890742764,0.958493082478,22
0.0172545524448,0.199816236311,0.998222255143,0.959826638071,23
0.014044890996,0.203261293266,0.999277791152,0.961160193564,24
0.0142716395812,0.208918154861,0.998981500344,0.959493249173,25
0.0138824388851,0.206965724276,0.999037054869,0.959826637972,26
0.0162827404036,0.216133799503,0.998407436899,0.959159860076,27
0.0211763743096,0.22799845012,0.996777837447,0.957992999231,28
0.0214951202152,0.222023251795,0.996925982852,0.959659943523,29
0.0164028051531,0.224419874069,0.998092627914,0.959826637972,30
0.0133738231928,0.217534986297,0.999111127574,0.959993332321,31
0.0124128315701,0.220431539285,0.999370382031,0.961160193564,32
0.0104727804757,0.222084986752,0.999814818244,0.960993499115,33
0.00962767293953,0.217448589411,0.99983333642,0.96199366581,34
0.0093478972321,0.217308677729,0.999851854595,0.962327054708,35
0.00904872914778,0.218871580725,0.999851854596,0.962327054708,36
0.00881669916263,0.21675532253,0.999851854595,0.961326888013,37
0.00862518327097,0.216451381307,0.99983333642,0.961493582462,38
0.0084551301211,0.215654170097,0.99983333642,0.961493582462,39
0.00824896795986,0.217827688606,0.999851854595,0.960826804666,40
0.00805548286949,0.215847180737,0.999851854595,0.960326721319,41
0.00787882446307,0.216232282914,0.999851854595,0.961160193564,42
0.00790079302995,0.217503389168,0.999851854595,0.961160193564,43
0.027718876517,0.245874726386,0.992685320647,0.955159193398,44
0.0236134529765,0.22470157153,0.994426029148,0.961326888013,45
0.0116293242872,0.223675031506,0.998555582304,0.960493415768,46
0.00793492689217,0.216878988019,0.999703709191,0.960326721319,47
0.0071697605839,0.216984295807,0.999870372771,0.960326721319,48
0.00686828473881,0.215629722043,0.999870372771,0.959826637972,49
0.00670748236071,0.215139228566,0.999870372772,0.96016002687,50
0.00656783842105,0.216034502223,0.999870372771,0.960326721319,51
0.00644128132756,0.213784843937,0.999870372771,0.960493415768,52
0.00632479910253,0.213974298761,0.999870372771,0.96016002687,53
0.0062003750317,0.212984128952,0.999870372771,0.960326721319,54
0.00609129078331,0.213245367456,0.999870372771,0.960493415768,55
0.00599011503795,0.213603295501,0.999870372771,0.961493582462,56
0.00609603035137,0.213340583539,0.999814818244,0.96016002687,57
0.00581487183808,0.211545292063,0.999870372771,0.96199366581,58
0.00570044829059,0.209545804652,0.999870372772,0.961826971361,59
0.00606735833383,0.221192494241,0.999722227366,0.958993165726,60
0.0246521762623,0.242603996184,0.993166793209,0.954492415502,61
0.0136672989638,0.221486158228,0.996963019204,0.960826804666,62
0.00687594008725,0.218468671519,0.999444454732,0.959493249173,63
0.0050911769638,0.213019950298,0.999925927298,0.960660110217,64
0.00469668800232,0.210978540523,0.999925927298,0.960993499115,65
0.00456564565405,0.211770299753,0.999925927298,0.961826971361,66
0.00446139361735,0.209598424783,0.999925927298,0.962327054708,67
0.00436761083844,0.210338724523,0.999925927298,0.961326888013,68
0.00429736989495,0.210636734625,0.999925927298,0.962493749157,69
0.00421114247161,0.211728810263,0.999925927298,0.96199366581,70
0.0041364138293,0.211232116616,0.999925927298,0.962327054708,71
0.0040556427246,0.209720618714,0.999925927298,0.962660443606,72
0.00399167670178,0.209454359609,0.999925927298,0.962493749157,73
0.00392388183138,0.210540064845,0.999925927298,0.962993832504,74
0.00384961890441,0.206965218913,0.999925927298,0.963993999199,75
0.00379745419425,0.209109708071,0.999925927299,0.962827138055,76
0.00372863185505,0.209850929239,0.999925927298,0.962993832504,77
0.00366289553565,0.210624352952,0.999925927298,0.962493749157,78
0.0036432303878,0.214096668733,0.999925927298,0.961493582462,79
0.0208944264895,0.257161722693,0.994407510979,0.956826137988,80
0.0188845759292,0.237314294496,0.995092683469,0.961660276912,81
0.00637679208762,0.227274912097,0.999462972908,0.961826971361,82
0.00469769446615,0.221422358937,0.999851854595,0.962827138055,83
0.00493823109736,0.237488964139,0.999685191016,0.961160193465,84
0.00443052481658,0.223222520771,0.999814818244,0.962493749157,85
0.00397749572975,0.223390743516,0.999907409122,0.962327054708,86
0.0038910614688,0.223949344283,0.999907409122,0.961493582462,87
0.0038256468575,0.22298993987,0.999907409122,0.962327054708,88
0.00376619853093,0.223110794681,0.999907409122,0.962327054708,89
0.00371440675706,0.222118945912,0.999907409122,0.962827138055,90
0.00366185904722,0.221660604542,0.999907409122,0.963160526953,91
0.00361129464423,0.220465798108,0.999907409122,0.962993832504,92
0.0035611309616,0.222315820675,0.999907409122,0.961493582462,93
0.00352113109588,0.222903058427,0.999907409122,0.96199366581,94
0.0034738918632,0.219215725753,0.999907409122,0.962827138055,95
0.00343406377211,0.221661506911,0.999907409122,0.961660276912,96
0.00338291166566,0.22033190258,0.999907409122,0.961660276912,97
0.0097736176867,0.292005783094,0.997740782579,0.950158360025,98
0.0198929434922,0.26324636334,0.994500101851,0.959659943523,99
0.00795656971584,0.248507064352,0.998407436899,0.96016002687,100
0.00650546434959,0.242099665407,0.999240754802,0.961493582462,101
0.00498242409652,0.240533846019,0.999685191015,0.962827138055,102
0.00360069257415,0.235790778081,0.999851854595,0.962993832504,103
0.00378926083212,0.237115157639,0.999851854595,0.962827138055,104
0.00326389551701,0.232768342512,0.999925927298,0.963827304749,105
0.00319296618573,0.232841867857,0.999925927298,0.963493915851,106
0.00314075186889,0.233186325678,0.999925927298,0.962660443606,107
0.00309109209872,0.230702734586,0.999925927298,0.963327221402,108
0.00304511553521,0.229984068447,0.999925927298,0.962827138055,109
0.00300018909269,0.228898485497,0.999925927298,0.963327221402,110
0.00295790220949,0.22939944154,0.999925927298,0.962827138055,111
0.00291472078773,0.227344054709,0.999925927298,0.9636606103,112
0.00287598698391,0.226136856721,0.999925927298,0.963160526953,113
0.00283655754114,0.225673069408,0.999925927298,0.962660443606,114
0.00280330638413,0.22533684619,0.999925927298,0.962993832504,115
0.00276278221919,0.22452790669,0.999925927298,0.962827138055,116
0.00272934053835,0.224404847034,0.999925927298,0.963160526953,117
0.00271824964711,0.226351083251,0.999925927298,0.962327054708,118
0.0027131149594,0.226609068245,0.999925927298,0.962993832504,119
0.00266177781912,0.226571514152,0.999925927298,0.962160360259,120
0.0026600259022,0.2242842774,0.999925927298,0.962493749157,121
0.00258947080492,0.22639908127,0.999925927298,0.962993832504,122
0.00254561371397,0.230459631043,0.999925927298,0.959993332421,123
0.0036722582797,0.271298353884,0.999518527436,0.957659610233,124
0.0234645287772,0.235902478077,0.993222347735,0.960993499215,125
0.00618408054403,0.233556646698,0.998796318587,0.962327054608,126
0.00338861429954,0.234782834451,0.999814818244,0.96199366581,127
0.00296869540679,0.239115761817,0.999907409122,0.961660276912,128
0.00279258579275,0.23672187578,0.999925927298,0.962493749157,129
0.00273547207077,0.236800258101,0.999925927298,0.961660276912,130
0.00269342678908,0.236311670188,0.999925927298,0.961660276912,131
0.00265495592222,0.236470183157,0.999925927298,0.961160193564,132
0.00261684048535,0.234919139007,0.999925927298,0.961493582462,133
0.00258229098814,0.234434628506,0.999925927298,0.961493582462,134
0.00254847590105,0.23247714982,0.999925927298,0.96199366581,135
0.00251671738762,0.232164251989,0.999925927298,0.961660276912,136
0.00248524197618,0.231740355954,0.999925927298,0.962327054708,137
0.00245593430845,0.230040478752,0.999925927298,0.961660276912,138
0.00242560242354,0.228718697431,0.999925927298,0.962327054708,139
0.00239908325821,0.229066776236,0.999925927298,0.962160360259,140
0.00237232056222,0.22875355511,0.999925927298,0.962160360259,141
0.00234849160536,0.226912155817,0.999925927298,0.961660276912,142
0.00232945193494,0.22798830629,0.999925927298,0.961493582462,143
0.0136994185378,0.287596962254,0.996611173869,0.9544924158,144
0.0124247545838,0.264728523792,0.996759319273,0.958826471277,145
0.00543221239295,0.262032868311,0.999037054869,0.960493415768,146
0.00394908995584,0.262051868655,0.999462972908,0.959326554624,147
0.00383133091925,0.243435669572,0.999592600138,0.962327054708,148
0.0024664928739,0.24390517942,0.999925927298,0.961160193564,149
0.00229345949506,0.243356385486,0.999944445473,0.960660110217,150
0.515290747921,0.24120197701,0.850434235032,0.928130731605,1
0.187132327087,0.183547772381,0.94683628677,0.943638485602,2
0.136632171542,0.171180324389,0.961372516474,0.950808737394,3
0.108477806078,0.155649430581,0.970372016447,0.953643488103,4
0.0901461370954,0.152629845656,0.97581615845,0.95564448905,5
0.0757716318751,0.14430995576,0.979890006166,0.95931298952,6
0.0657814656691,0.143416326628,0.983315741762,0.958645989801,7
0.0559036883426,0.146405503097,0.986815547362,0.955977988498,8
0.0498586667197,0.15157599403,0.988519156398,0.956644988853,9
0.0440476580856,0.149730205123,0.990241282903,0.958812739206,10
0.0388676492716,0.15501508078,0.991889339492,0.959312989331,11
0.0339995962469,0.15489721422,0.993481843623,0.958479239759,12
0.0302505999646,0.15915648958,0.994685480469,0.957645489103,13
0.027702006394,0.165102725056,0.995907634772,0.959146239478,14
0.0254880526958,0.159194996238,0.996185397119,0.96064699049,15
0.0245998766802,0.170934352747,0.996740921823,0.959146239478,16
0.0217593786247,0.179597689785,0.997555691362,0.959646489792,17
0.0222167113212,0.177860364564,0.997296446494,0.960313489959,18
0.0192879577616,0.180028088693,0.998314908431,0.957645489739,19
0.0183362770691,0.182451039419,0.998185286014,0.958479239312,20
0.0162298037788,0.174813347284,0.998944503094,0.961480740062,21
0.0156877487309,0.179838309964,0.999055608022,0.959813239645,22
0.0190109162253,0.193730187164,0.997963076136,0.958812739584,23
0.0223870815229,0.199342360412,0.996740921823,0.960146739729,24
0.0206049957757,0.19136111936,0.997166824065,0.963148240479,25
0.0157174274393,0.193205516687,0.998685258226,0.96181424097,26
0.0133362765075,0.193227947817,0.999370405359,0.960980490573,27
0.0123109523525,0.190589866907,0.999555580246,0.962147740865,28
0.0110215891852,0.188151799253,0.999777790123,0.962481240948,29
0.0106540335099,0.191006868377,0.999777790123,0.961313990656,30
0.0102699899271,0.192147772486,0.999833342592,0.962147740865,31
0.00997216467616,0.191781088712,0.999870377572,0.960980490573,32
0.0097269103641,0.189234497176,0.999833342592,0.960480239812,33
0.00969960844424,0.195397414002,0.999814825102,0.959646489792,34
0.0102575650801,0.205165754433,0.999648167694,0.957812239145,35
0.0151203298738,0.268457393264,0.997796418795,0.9504752375,36
0.0353295730674,0.210822433556,0.990833842586,0.963314990521,37
0.0221059997121,0.206264489424,0.995963187241,0.960980490573,38
0.0151327826452,0.201604941467,0.998277873451,0.963815241093,39
0.0110648068687,0.19623073603,0.999462992797,0.962314490459,40
0.00906077831324,0.193497725352,0.999814825102,0.964482241449,41
0.00850239902439,0.191833267684,0.999851860082,0.963815241282,42
0.00823991813134,0.191259907229,0.999851860082,0.96364849124,43
0.00804909946423,0.191873724379,0.999851860082,0.96364849124,44
0.00790390818537,0.190344815798,0.999851860082,0.963314991157,45
0.0077151655054,0.190472918947,0.999851860082,0.962981490437,46
0.0076528095579,0.187603863275,0.999833342592,0.963148241115,47
0.00792484569755,0.195568681752,0.999814825102,0.964315491407,48
0.00971040991416,0.200313894659,0.99931485289,0.959479739562,49
0.0218678059966,0.22780150023,0.994555858019,0.95931298952,50
0.0130571863981,0.218494307404,0.997907523656,0.960980490384,51
0.00926743977732,0.207866087613,0.999444475307,0.961147239979,52
0.00730373705041,0.199738236254,0.999814825102,0.96164749074,53
0.00694220391657,0.200866186094,0.999851860082,0.963148241115,54
0.00657472037266,0.198622490538,0.999870377572,0.963481740562,55
0.00641600551731,0.198516157015,0.999870377572,0.962981490437,56
0.00628432279324,0.196912228723,0.999870377572,0.963314990521,57
0.00618104469653,0.194792189488,0.999870377572,0.963148240926,58
0.00605699351588,0.192878147096,0.999870377572,0.96448224126,59
0.00593460195921,0.194358496163,0.999870377572,0.964148741176,60
0.00584524926399,0.190370174479,0.999870377572,0.963815241093,61
0.00572288123534,0.193223172498,0.999870377572,0.96348174101,62
0.00563642133365,0.194211567613,0.999870377572,0.96348174101,63
0.00557123515822,0.194278472724,0.999870377572,0.963148240926,64
0.00548963088096,0.195413109584,0.999870377583,0.963648491051,65
0.0116798425071,0.263414545419,0.997870488699,0.953976988822,66
0.0311126383479,0.240462174957,0.991389367257,0.957311989656,67
0.0146699940674,0.212904965955,0.997111271596,0.962481240759,68
0.00950992913502,0.21125423462,0.999148195471,0.964648990854,69
0.00731888961136,0.205609720191,0.999666685184,0.966316491907,70
0.00638929575314,0.203498020378,0.999814825102,0.966149741865,71
0.00623153856136,0.202688169873,0.999814825102,0.966149741229,72
0.00613923686568,0.202149862316,0.999814825102,0.966483241313,73
0.00605562490097,0.201692871845,0.999814825102,0.966149741229,74
0.00598155250903,0.200784004617,0.999814825102,0.964982490938,75
0.00590830636358,0.201228885118,0.999814825102,0.965149240979,76
0.00584320979237,0.200165128298,0.999814825102,0.966316491271,77
0.0057759125304,0.199998843982,0.999814825102,0.964315490771,78
0.00570769173957,0.20051912093,0.999814825102,0.965315991021,79
0.0056545339955,0.199365526701,0.999814825102,0.964982491385,80
0.00558588593462,0.19848248201,0.999814825102,0.965649491104,81
0.00552127829321,0.19713104293,0.999814825102,0.96548274151,82
0.00547566666669,0.198515173215,0.999814825102,0.965482741063,83
0.00542028590783,0.19849010564,0.999814825113,0.964815741343,84
0.0184969091305,0.23087287308,0.995296557654,0.959312989779,85
0.0160887316882,0.211649733701,0.996481676955,0.962814741032,86
0.0101331805223,0.209985103064,0.998592670778,0.964815741343,87
0.00705662399231,0.201354265173,0.999462992797,0.964648991301,88
0.0060229898015,0.196827829113,0.999759272633,0.96548274151,89
0.00556595490869,0.196486707179,0.999814825102,0.964982491385,90
0.00546517299197,0.196209094028,0.999814825102,0.965982991635,91
0.00539763984638,0.19514453757,0.999814825102,0.965649491552,92
0.00533413082783,0.194053619161,0.999814825102,0.965816241593,93
0.00527609013973,0.192396434562,0.999814825102,0.965649491552,94
0.00521713693406,0.193028266229,0.999814825102,0.965816241593,95
0.00516384875778,0.1917212063,0.999814825102,0.965649491552,96
0.0051163547828,0.191184922976,0.999814825102,0.965315991468,97
0.00507228206139,0.190311797504,0.999814825102,0.965315991468,98
0.00501981074083,0.191497239676,0.999814825102,0.965982991635,99
0.00497191006475,0.189234165891,0.999814825102,0.966149741677,100
0.00493277145844,0.189995277389,0.999814825102,0.965816241593,101
0.004901114995,0.189450466506,0.999814825102,0.96448224126,102
0.00485790649934,0.189438558279,0.999814825102,0.963981991135,103
0.0163056048381,0.25798818888,0.995852082303,0.955144238925,104
0.0173721002053,0.222041521581,0.995537284977,0.962647990354,105
0.00801511496905,0.214657883645,0.998944503083,0.961647490551,106
0.00626566846619,0.212807260773,0.999518545266,0.963815240646,107
0.00523091083434,0.207820052452,0.999796307613,0.96348174101,108
0.00501990820636,0.206202892367,0.999814825102,0.963815241093,109
0.00495307026389,0.205050205367,0.999814825102,0.96448224126,110
0.00490276144719,0.204364390806,0.999814825102,0.96448224126,111
0.00485908527373,0.203649450972,0.999814825102,0.963981991135,112
0.00481510939564,0.203770507648,0.999814825102,0.96448224126,113
0.00477402831212,0.202156628522,0.999814825102,0.964148741176,114
0.00473359757,0.201379240643,0.999814825102,0.964482240812,115
0.00469420441009,0.2008424105,0.999814825102,0.963815241093,116
0.004659580008,0.198494096498,0.999814825102,0.964815741343,117
0.00462499209647,0.199228454515,0.999814825102,0.964148740729,118
0.00458498644626,0.196867616321,0.999814825102,0.964315490771,119
0.00455360605624,0.19624523611,0.999814825102,0.964815740896,120
0.00452067166291,0.196613969645,0.999814825102,0.964648990854,121
0.00449606003082,0.196401090409,0.999814825102,0.965982991188,122
0.00445445156582,0.197831177197,0.999814825102,0.964815741343,123
0.00443900651533,0.199826706861,0.999814825102,0.964815740896,124
0.00574276518019,0.257497387318,0.999425957839,0.954477238758,125
0.0260972419002,0.237712501138,0.992852248949,0.95964649024,126
0.00988476561698,0.224082511595,0.998296390941,0.963981991135,127
0.00542233055529,0.218130958017,0.999648167694,0.963648490604,128
0.00488994823403,0.219188117367,0.999796307613,0.963148241115,129
0.00478126846328,0.212909709211,0.999796307613,0.965149240979,130
0.00463386864065,0.212323767882,0.999814825102,0.965149240979,131
0.00458405233556,0.211335546914,0.999814825102,0.964815740896,132
0.00454443489316,0.210539287043,0.999814825102,0.965482741063,133
0.00450922231946,0.209680111145,0.999814825102,0.965315991021,134
0.00447477953729,0.209175534341,0.999814825102,0.964982490938,135
0.00444367582588,0.206995170097,0.999814825102,0.964315490771,136
0.00440775498093,0.206980917043,0.999814825102,0.964982490938,137
0.00437678876254,0.205826642962,0.999814825102,0.964982490938,138
0.00434680846719,0.205635033748,0.999814825102,0.965149240979,139
0.00431846896278,0.202504489369,0.999814825102,0.964148740729,140
0.00429006203244,0.2027530012,0.999814825102,0.964315490771,141
0.00426385451994,0.202168118751,0.999814825102,0.964815740896,142
0.0042393919033,0.201784462239,0.999814825102,0.964315490771,143
0.00420586530809,0.202471290039,0.999814825102,0.965482741063,144
0.00419822489169,0.2014376491,0.999814825102,0.965315991021,145
0.00416305748489,0.199400730365,0.999814825102,0.964648990854,146
0.00414105934888,0.200297294536,0.999814825102,0.964148741176,147
0.00411303522381,0.202632298992,0.999814825102,0.963981990687,148
0.00409275380717,0.200573055689,0.999814825102,0.964815740896,149
0.0184210795168,0.23414817936,0.995278040142,0.96031348977,150
0.486083013319,0.182937661515,0.857103177445,0.948132088456,1
0.189112080924,0.143607840628,0.945300348228,0.962308205232,2
0.138788812236,0.128829159404,0.961151025823,0.965310207202,3
0.109021125487,0.119243904083,0.970131842152,0.96681120767,4
0.0894637558154,0.114373306778,0.976353603525,0.967978652196,5
0.0763432296852,0.114412648468,0.979871861476,0.968312208536,6
0.0662315234047,0.109665946653,0.983334567898,0.972314876346,7
0.0569901638918,0.112602456997,0.986315828457,0.970813875679,8
0.0505358584186,0.11400731229,0.988204577483,0.970980654167,9
0.0452182582242,0.107824115295,0.989871120724,0.973815877013,10
0.040437031122,0.115492964304,0.991574698215,0.971981321079,11
0.0358372407008,0.115619670955,0.993037552818,0.971981321079,12
0.0327000449685,0.1251667563,0.994185615947,0.970980653968,13
0.0307453976939,0.117634706632,0.99481519894,0.971647764938,14
0.0275928216293,0.126351615343,0.995815124806,0.971814543228,15
0.0267908009868,0.126862541766,0.995852159121,0.972314876783,16
0.0247592758245,0.127887957827,0.996611362121,0.971480987086,17
0.0214812828814,0.123943194757,0.998000148159,0.974816544562,18
0.0211736622171,0.125004603216,0.997777942419,0.975650433821,19
0.0190548749116,0.130129172633,0.9982223539,0.973649099598,20
0.016862927648,0.132447523821,0.999000074091,0.971647765376,21
0.0155773371741,0.131214391974,0.999277831272,0.972648432487,22
0.0150686645231,0.133030478301,0.999277831272,0.973148766043,23
0.0143138002555,0.138495226496,0.999463002741,0.972481654635,24
0.0145207783678,0.147036631856,0.999333382712,0.971147431383,25
0.0170559898629,0.143871127108,0.998314939634,0.970980653968,26
0.0231253130936,0.15806734878,0.995555884793,0.971814542989,27
0.0255382348534,0.147700442651,0.995092956099,0.973148766043,28
0.018634378591,0.139237238724,0.997648322346,0.972648432487,29
0.0145549488903,0.142712522559,0.998963039775,0.974482988421,30
0.0131203366021,0.141218237892,0.999425968447,0.974482988858,31
0.0115039020286,0.135570981578,0.999685208503,0.975150099828,32
0.0107144334184,0.138382042932,0.999777794237,0.975150100266,33
0.0103729083005,0.139582227098,0.999796311384,0.974482988858,34
0.0101177520026,0.138722067141,0.999814828531,0.975650433384,35
0.00985701593424,0.139070788062,0.999814828531,0.975150099828,36
0.00965631620454,0.13922433912,0.999814828531,0.974816544761,37
0.00944008083479,0.142439991166,0.999814828531,0.974983322414,38
0.00928174758505,0.141430981731,0.999814828553,0.974149433154,39
0.00954087929716,0.142538492206,0.99970372565,0.974649766909,40
0.0100596035551,0.155969979128,0.999592622769,0.972481654198,41
0.0306550680062,0.158472715496,0.99224131548,0.970313542123,42
0.0197014071396,0.146534066794,0.996185467743,0.972815209703,43
0.0117776391984,0.146065868422,0.998814902622,0.972648432487,44
0.0104949067997,0.136908921244,0.999333382712,0.974482988222,45
0.00869425733962,0.136272640468,0.999759277091,0.975650433821,46
0.00825121009582,0.134204877733,0.999814828531,0.974816543926,47
0.00804338048357,0.135330147678,0.999814828531,0.974649766272,48
0.00790067293005,0.136949801193,0.999814828553,0.974649766074,49
0.00773688652196,0.13351436859,0.999814828531,0.97431621037,50
0.00762279935188,0.13595445812,0.999814828531,0.975150099629,51
0.00747739040042,0.133457562938,0.999814828531,0.97431621037,52
0.00733436858645,0.134210498473,0.999814828531,0.97464976671,53
0.00720599699232,0.135801107248,0.999814828531,0.974649766074,54
0.00715727733424,0.137405317374,0.999814828531,0.974983321777,55
0.00728821033589,0.135656759411,0.999796311384,0.975316877481,56
0.0183482731374,0.176896762478,0.995926227731,0.967978652395,57
0.0239659478868,0.152339499173,0.994204133093,0.973815877013,58
0.0130647056156,0.152359295788,0.997907562403,0.973649098962,59
0.00954833487607,0.148852703043,0.999037108362,0.97381587745,60
0.00770947706134,0.151167430366,0.999611139916,0.975483655969,61
0.00644704326056,0.148645377074,0.999777794237,0.974149433154,62
0.00570440668233,0.14877203088,0.999888897119,0.97531687768,63
0.00549387986126,0.147947429129,0.999888897141,0.975483655969,64
0.00538476712935,0.147668849018,0.999888897119,0.975483655969,65
0.00529145104246,0.147961765468,0.999888897119,0.975650433821,66
0.00520019483522,0.147194500016,0.999888897119,0.975650433821,67
0.0051138002813,0.14675650092,0.999888897119,0.975150100266,68
0.00502456548992,0.145542527901,0.999888897119,0.974983322414,69
0.00495156410392,0.144449417445,0.999888897119,0.975483655969,70
0.00486932268638,0.145369440536,0.999888897119,0.975483655532,71
0.00480781401052,0.141812344525,0.999888897119,0.974316210569,72
0.00474017156816,0.140748529712,0.999888897119,0.975150099828,73
0.00466071544663,0.143520740239,0.999888897141,0.975150100266,74
0.00498581852934,0.158202126741,0.999759277091,0.973482321309,75
0.0265899045889,0.143626776226,0.992482038412,0.972314876346,76
0.010011335124,0.148083621737,0.997944596719,0.972481653999,77
0.00584407185423,0.138787232583,0.999740759944,0.974482988858,78
0.00505564943463,0.137363411571,0.999851862825,0.974816544124,79
0.00486855055008,0.138863027424,0.999833345678,0.976150767377,80
0.00460792146351,0.138109081383,0.999888897119,0.976817878785,81
0.00452017211941,0.137864967141,0.999888897119,0.976317545229,82
0.00444944364379,0.137865156065,0.999888897119,0.976317545229,83
0.00438438773245,0.138372220849,0.999888897119,0.976317545229,84
0.00431794773973,0.136562881717,0.999888897119,0.976817878785,85
0.00427453542273,0.137071625909,0.999888897119,0.976484323081,86
0.00421018266721,0.1365136718,0.999888897119,0.976651100933,87
0.00414928484715,0.136519382334,0.999888897119,0.975817211673,88
0.0041000222763,0.13772715144,0.999888897119,0.975316878117,89
0.00404938115023,0.136482377423,0.999888897119,0.976817878785,90
0.0039955160478,0.137136795337,0.999888897119,0.976651100933,91
0.00394107242035,0.138985881861,0.999888897119,0.975983989525,92
0.00390648148741,0.13590955108,0.999888897119,0.975817211673,93
0.0155672011613,0.175774181551,0.995907710584,0.967978651998,94
0.0148563161396,0.155013041537,0.996148433516,0.973148765407,95
0.00666477661922,0.138683228959,0.999240796978,0.975650433821,96
0.00462422440041,0.141199418063,0.999851862825,0.976651100933,97
0.00418548288432,0.139113536431,0.999870379972,0.977151434488,98
0.00403861963274,0.139622162906,0.999888897119,0.97731821234,99
0.00397014709393,0.138468164416,0.999888897119,0.97731821234,100
0.0039077285341,0.138707678146,0.999888897119,0.97731821234,101
0.00385504772262,0.137517780215,0.999888897119,0.976984656636,102
0.00380295488389,0.137691421766,0.999888897119,0.97731821234,103
0.00375504039118,0.137433892781,0.999888897119,0.977484990192,104
0.00370669938392,0.136732682993,0.999888897119,0.97731821234,105
0.00366071569399,0.13625612015,0.999888897119,0.977651768044,106
0.00362237655025,0.135611968071,0.999888897119,0.97731821234,107
0.00357819241552,0.135640371544,0.999888897119,0.977151434488,108
0.00354719616577,0.134708443041,0.999888897119,0.976817878785,109
0.00350825482633,0.13399918274,0.999888897119,0.97731821234,110
0.0034886849453,0.137851137541,0.999888897119,0.976984656636,111
0.0034734934908,0.135152128148,0.999888897119,0.977985323748,112
0.00341698602903,0.137804426148,0.999888897119,0.97731821234,113
0.00336792059737,0.134835433252,0.999888897119,0.976817878785,114
0.00350424511418,0.16574836661,0.999777794237,0.970980653531,115
0.0263344031605,0.176123584526,0.992611658418,0.970480320412,116
0.00822744889733,0.151772866941,0.998703799719,0.973982655302,117
0.00496487481235,0.153836692568,0.999592622769,0.975150099629,118
0.00405030055676,0.147473450519,0.999796311384,0.975983989525,119
0.00361365585099,0.146675869932,0.999888897119,0.976317544593,120
0.00353148373075,0.145552968446,0.999888897119,0.976484322445,121
0.00348168115906,0.145910787883,0.999888897141,0.976317545229,122
0.00343942921688,0.14584097304,0.999888897119,0.976484322445,123
0.00340078665533,0.145327835569,0.999888897119,0.976651100933,124
0.00336426835673,0.144578233123,0.999888897119,0.976484323081,125
0.0033257638025,0.144057855477,0.999888897119,0.976484323081,126
0.00329302916901,0.143530029438,0.999888897119,0.976651100933,127
0.00325920719782,0.143938190982,0.999888897119,0.976817878785,128
0.00322701134736,0.143471714783,0.999888897119,0.976817878785,129
0.00319384378152,0.141556600478,0.999888897119,0.976984656636,130
0.00316641153554,0.141930080021,0.999888897119,0.976484323081,131
0.00313863365201,0.14027666641,0.999888897119,0.97731821234,132
0.00310898381217,0.142163284535,0.999888897119,0.976651100933,133
0.00308679631412,0.142561117795,0.999888897119,0.976817878785,134
0.0030576243734,0.139209741946,0.999888897119,0.976317545229,135
0.00303962933139,0.141578804967,0.999888897119,0.976984656636,136
0.0030137519776,0.142657182599,0.999888897119,0.97731821234,137
0.00299245852402,0.139728565328,0.999888897119,0.977484989755,138
0.00907701427008,0.192470896753,0.997833493859,0.967144762937,139
0.0154877746649,0.163045994028,0.995889193437,0.974649766074,140
0.00624004716644,0.162361345246,0.998963039775,0.973148765407,141
0.00428751623391,0.153511342534,0.999648174209,0.975817211037,142
0.0033295188576,0.151363735312,0.999888897119,0.976984656,143
0.00322958978018,0.150448321312,0.999888897119,0.976484322445,144
0.00318412572643,0.149810454442,0.999888897119,0.976317544593,145
0.0031455423984,0.149000424487,0.999888897119,0.975983988889,146
0.00311115729586,0.14925759657,0.999888897119,0.975483655333,147
0.00307788049579,0.148522112829,0.999888897119,0.975817211037,148
0.00304583928738,0.148067539407,0.999888897119,0.975983988889,149
0.00301732884912,0.147087111214,0.999888897119,0.976150766741,150
