loss,val_loss,acc,val_acc,itr
0.494888011394,0.0861526774587,0.846064814903,0.974444444356,1
0.109670102398,0.0519951130781,0.965925926014,0.985092592681,2
0.0747719597265,0.0432121242831,0.97724537037,0.987037037037,3
0.0607907630393,0.040881127068,0.982152777866,0.988055555556,4
0.0506622158764,0.0356572513438,0.984629629541,0.988425925926,5
0.0452698365295,0.0353223401584,0.985949074162,0.98962962963,6
0.0372694322356,0.0294633526474,0.988703703792,0.991388888889,7
0.0336186878687,0.0356191213679,0.989837962963,0.988611111111,8
0.0357685865821,0.02654370232,0.988935185097,0.992777777778,9
0.0306409865563,0.0289497170725,0.990069444356,0.992777777778,10
0.0272608985504,0.0302416629951,0.991296296296,0.991851851852,11
0.0235957090929,0.0257388052683,0.992916666755,0.993333333333,12
0.0248980127965,0.0306914216149,0.992407407319,0.99212962963,13
0.022279811487,0.0321608996281,0.992916666755,0.992314814815,14
0.0213238245373,0.028467960141,0.993495370282,0.993240740741,15
0.0208215834752,0.0253554797697,0.992893518607,0.993333333422,16
0.0181036514075,0.0264195690614,0.994212962963,0.992314814815,17
0.0177982285702,0.029478240049,0.99439814806,0.992407407407,18
0.0187837701512,0.0282916181617,0.993935185097,0.992592592593,19
0.015287446795,0.0281284103046,0.995208333333,0.993148148236,20
0.0158452571542,0.0271767788808,0.994699074074,0.993518518519,21
0.0159571924281,0.0286702789908,0.99474537037,0.992222222222,22
0.0136511526909,0.0315094294575,0.995555555556,0.992314814815,23
0.0156036219846,0.0313736010507,0.995162036949,0.9925,24
0.0127614092799,0.0273851016627,0.996018518607,0.993055555556,25
0.0147636555867,0.0244043637463,0.995486111023,0.993240740741,26
0.0109628220165,0.0273769920484,0.996458333422,0.993611111111,27
0.0144977250081,0.0295406214772,0.995787037037,0.993148148148,28
0.0125000453623,0.0287593484228,0.99564814806,0.993148148148,29
0.0122093880351,0.0304168752353,0.995902777866,0.993148148148,30
0.0129404160682,0.0250310024356,0.996041666667,0.994166666667,31
0.01048393485,0.0358431845241,0.996828703704,0.992314814815,32
0.0111407108714,0.0321118128463,0.996666666667,0.993888888889,33
0.0131121944779,0.0343460023358,0.995671296385,0.992962962963,34
0.0111567479743,0.0288835769529,0.996643518519,0.994351851852,35
0.00991115261654,0.0300842760087,0.996597222222,0.992962962963,36
0.0139553647814,0.0272324733072,0.995393518607,0.992962962963,37
0.0114989425201,0.0314365938164,0.996203703704,0.992685185185,38
0.00966445609004,0.0293055700569,0.997175926014,0.99462962963,39
0.0092664027415,0.0305589348627,0.997083333333,0.994166666667,40
0.00751778151269,0.033158179878,0.997546296296,0.993240740741,41
0.00977787986894,0.0321085300215,0.997013888977,0.993148148148,42
0.010002539098,0.0307099361389,0.996597222222,0.994351851852,43
0.00847898293976,0.0335074574915,0.997453703704,0.993981481481,44
0.0107924002565,0.0314623790199,0.996875,0.993796296296,45
0.00824072300422,0.0326045887403,0.997523148148,0.993611111111,46
0.0102994636777,0.0335152531405,0.996805555556,0.993425925926,47
0.00809934934912,0.0328541777219,0.997569444533,0.993611111111,48
0.00987751604868,0.0377798871964,0.996736111199,0.992314814815,49
0.00915550929796,0.0348621078522,0.996898148236,0.993518518519,50
0.00784303982755,0.0378822111637,0.997314814903,0.993333333333,51
0.00950852767202,0.035390823017,0.997152777778,0.993240740741,52
0.00801667783263,0.0341386003033,0.997407407407,0.994074074074,53
0.00923049335702,0.0363973346369,0.997569444444,0.993333333333,54
0.00740136586798,0.0390503211607,0.99775462963,0.992777777778,55
0.00992088155927,0.0400246343681,0.997291666667,0.992685185185,56
0.00755326187329,0.0378188860525,0.99773148157,0.99287037037,57
0.00830965936244,0.0391359622627,0.997662037125,0.992407407407,58
0.00909576109941,0.0302201732234,0.997222222222,0.993981481481,59
0.0086978629275,0.0319064697399,0.997500000088,0.993611111111,60
0.00607625458504,0.0379217894662,0.998078703704,0.993148148148,61
0.00757864959744,0.0367213415069,0.997430555556,0.994074074074,62
0.00643566772957,0.0341728953823,0.997916666667,0.993796296296,63
0.0100148686037,0.0382720638891,0.997199074074,0.993333333333,64
0.0079334915682,0.0318150938924,0.9975,0.993981481481,65
0.00717931284104,0.0339320381578,0.99787037037,0.993796296296,66
0.00576080087394,0.0375411236083,0.997939814903,0.994074074074,67
0.00691658153934,0.0322548420954,0.997708333333,0.994074074074,68
0.00738521828767,0.0371532192274,0.997893518607,0.993240740741,69
0.00608537668611,0.0328136590571,0.998078703704,0.993981481481,70
0.00837757345287,0.0388731255139,0.997939814903,0.992592592593,71
0.00653965195184,0.0365778778028,0.99787037037,0.993611111111,72
0.00778538649098,0.0330955468308,0.997847222311,0.993611111111,73
0.00529059248284,0.0346232055502,0.998518518607,0.993425925926,74
0.00514266336011,0.0403544241645,0.99837962963,0.993425925926,75
0.00843799817697,0.0394328812827,0.997523148236,0.993518518519,76
0.00775650241642,0.0448794675355,0.997847222222,0.992962962963,77
0.00925175534372,0.0361657154223,0.997523148148,0.993148148148,78
0.00738973865442,0.0341993224914,0.997986111111,0.993703703704,79
0.00692361493308,0.0333930476612,0.997824074162,0.993611111111,80
0.00645485571693,0.0372441733299,0.998148148148,0.993703703704,81
0.00631298634345,0.0366746315034,0.998101851852,0.993981481481,82
0.00658716427766,0.0355326574068,0.998194444444,0.993703703704,83
0.00511020812195,0.0315561831804,0.998472222222,0.994537037037,84
0.00657490292709,0.0400898049959,0.99835648157,0.993611111111,85
0.00721785656781,0.0336077482262,0.997662037125,0.994351851852,86
0.00593418864412,0.0352761741407,0.997939814815,0.994166666667,87
0.0063283499995,0.0355859856527,0.99810185194,0.993981481481,88
0.00444751560865,0.0403961132053,0.998657407496,0.993333333422,89
0.00629878179772,0.0358758158256,0.998194444533,0.993703703704,90
0.00505701570759,0.0395622657265,0.99837962963,0.993425925926,91
0.00589812729508,0.0374096949647,0.998055555556,0.993796296296,92
0.00529615265587,0.0362683378957,0.99837962963,0.994166666667,93
0.00632216544605,0.0439223967078,0.998356481481,0.993611111111,94
0.00769364812161,0.0469579127169,0.997939814903,0.9925,95
0.00756705703464,0.0351154263608,0.99787037037,0.993888888889,96
0.00763758032172,0.0350992070569,0.997824074074,0.993611111111,97
0.00710870447004,0.0299110374152,0.99775462963,0.994444444444,98
0.00490585619274,0.0399317713325,0.998541666667,0.993518518519,99
0.00582890243012,0.031428280307,0.99849537037,0.994907407407,100
