loss,val_loss,acc,val_acc,itr
0.346339908595,0.0690956980211,0.9814583333333333,0.9793518518518518,1
0.0940439704337,0.0522691502229,0.987175925925926,0.9832407407407407,2
0.0651521054131,0.0394220009143,0.992824074074074,0.9887037037037038,3
0.0544489879313,0.0372081943822,0.993912037037037,0.9892592592592593,4
0.0461256084432,0.0356277883177,0.9949537037037037,0.9902777777777778,5
0.0393677501536,0.036563143459,0.9961342592592592,0.9902777777777778,6
0.0383474996181,0.034100277607,0.9969212962962963,0.9907407407407407,7
0.0316328520338,0.0361071540101,0.9963425925925926,0.9896296296296296,8
0.030418566671,0.0313779766397,0.9975462962962963,0.9919444444444444,9
0.0288763571986,0.0320063934661,0.9979629629629629,0.992037037037037,10
0.0247790067822,0.0309951288746,0.998125,0.9923148148148148,11
0.0251147722153,0.0384631895997,0.9976157407407408,0.9902777777777778,12
0.0212932848228,0.0344292844284,0.9984490740740741,0.9922222222222222,13
0.0222034390711,0.0375703819432,0.9984259259259259,0.9921296296296296,14
0.0216983897708,0.033346711299,0.9988194444444445,0.9928703703703704,15
0.019677922088,0.0336264220944,0.9987731481481481,0.9923148148148148,16
0.0192982388778,0.0310137624566,0.99875,0.9931481481481481,17
0.0172080862989,0.0358776622669,0.9987268518518518,0.9930555555555556,18
0.0208453204762,0.040244604272,0.9988194444444445,0.9925,19
0.0196755127446,0.0322151968295,0.9989814814814815,0.9925,20
0.0175763341578,0.0375213604295,0.9986111111111111,0.9919444444444444,21
0.016966661018,0.0313171003391,0.9994675925925925,0.9929629629629629,22
0.0141152699417,0.0404634098383,0.998912037037037,0.9912037037037037,23
0.0150520743473,0.0354406922616,0.9996064814814815,0.9932407407407408,24
0.0135106098804,0.0401532044675,0.9994907407407407,0.9912962962962963,25
0.0145887389336,0.0387659212401,0.999375,0.9925925925925926,26
0.0149146319949,0.0333371483856,0.9995833333333334,0.9936111111111111,27
0.0140281548916,0.0369872506412,0.9993287037037037,0.9931481481481481,28
0.0131645774249,0.035261565933,0.9995601851851852,0.9936111111111111,29
0.0145210661007,0.0382246477848,0.9995833333333334,0.9926851851851852,30
0.0129969684302,0.0393196218551,0.9994675925925925,0.9926851851851852,31
0.0141088704694,0.0385166084165,0.9994444444444445,0.9929629629629629,32
0.0105140235271,0.0397051383217,0.9996527777777777,0.9931481481481481,33
0.0128308261814,0.0380175657847,0.9996527777777777,0.9931481481481481,34
0.0132511109702,0.0368301531538,0.9997453703703704,0.9924074074074074,35
0.0118344024921,0.0349497251235,0.9998611111111111,0.9932407407407408,36
0.012002325525,0.0403902171519,0.9996064814814815,0.9927777777777778,37
0.0113567375204,0.0349014047048,0.9997685185185186,0.9933333333333333,38
0.010938563591,0.0391724993773,0.9997453703703704,0.9919444444444444,39
0.0118963455273,0.0352684018702,0.999837962962963,0.9932407407407408,40
0.010591993223,0.0368589522579,0.9997916666666666,0.9934259259259259,41
0.0114082715183,0.0434789261487,0.9996759259259259,0.9932407407407408,42
0.018296847588,0.0377766160405,0.9997453703703704,0.9924074074074074,43
0.0107198450037,0.0373219829464,0.9998611111111111,0.9933333333333333,44
0.00923495521876,0.0418289243369,0.9997685185185186,0.9927777777777778,45
0.00919987692371,0.0419133763111,0.9997453703703704,0.9927777777777778,46
0.0103587406781,0.0481266898347,0.9994212962962963,0.9917592592592592,47
0.0128801918951,0.0500362965698,0.9997685185185186,0.9930555555555556,48
0.0120083800879,0.045183832709,0.9996990740740741,0.9919444444444444,49
0.00997219484256,0.0493906149385,0.9999074074074074,0.9917592592592592,50
0.0121730962321,0.0423849629251,0.9998842592592593,0.9930555555555556,51
0.00810608659117,0.0451582270513,0.9999074074074074,0.9923148148148148,52
0.0101981671942,0.0454189718145,0.9995601851851852,0.9925925925925926,53
0.00892540266216,0.0578959633622,0.9990046296296297,0.9908333333333333,54
0.00989114610789,0.0432690957703,0.999837962962963,0.9930555555555556,55
0.00974601009066,0.0482890248999,0.9998611111111111,0.9932407407407408,56
0.00976382990747,0.0431888083191,0.999837962962963,0.9928703703703704,57
0.0105994499549,0.0456231636445,0.9995833333333334,0.9925,58
0.00917329396725,0.0437864323415,0.9999074074074074,0.9926851851851852,59
0.0128566296325,0.0479043209951,0.999837962962963,0.9927777777777778,60
0.00997000236503,0.0408150615124,0.9998611111111111,0.9933333333333333,61
0.00893200645939,0.0455075775869,0.9999074074074074,0.9925,62
0.00845387653582,0.0372501828614,0.9999074074074074,0.9939814814814815,63
0.00897939842123,0.0458498771964,0.9998842592592593,0.9927777777777778,64
0.00774433812677,0.0460330217137,0.9998842592592593,0.9930555555555556,65
0.0134807761838,0.0396659075194,0.9998611111111111,0.9931481481481481,66
0.00942110423344,0.0446402509944,0.9997916666666666,0.9925925925925926,67
0.0100938694515,0.0520512907132,0.9999074074074074,0.9925925925925926,68
0.0110857648066,0.0465619215902,0.9999305555555555,0.9928703703703704,69
0.00934947632989,0.0420400956994,0.9999305555555555,0.9930555555555556,70
0.00762551847139,0.0465661242905,0.999837962962963,0.9937962962962963,71
0.00617484412667,0.047749080533,0.9998611111111111,0.9926851851851852,72
0.0111323132946,0.0425009435985,0.9997916666666666,0.9931481481481481,73
0.0124804730276,0.0455682657244,0.9997222222222222,0.9929629629629629,74
0.0100085669633,0.0445085214825,0.9998611111111111,0.9937037037037038,75
0.00834896527535,0.0444244416485,0.999837962962963,0.9928703703703704,76
0.00948115575357,0.0405728454753,0.9998611111111111,0.9938888888888889,77
0.00665775996206,0.0455535390957,0.9999537037037037,0.9931481481481481,78
0.00797555806345,0.0468348633593,0.9998611111111111,0.9933333333333333,79
0.00925197214284,0.0415687014705,0.9999305555555555,0.9923148148148148,80
0.00655334557237,0.0447898430851,0.9998611111111111,0.9923148148148148,81
0.00717398456189,0.0509261038257,0.9999074074074074,0.9926851851851852,82
0.0101666303537,0.044593685154,0.9998611111111111,0.9930555555555556,83
0.00987251026004,0.0514855820708,0.999837962962963,0.9936111111111111,84
0.00838738927566,0.0558443247048,0.9997916666666666,0.9927777777777778,85
0.00994734403078,0.0543498459252,0.999837962962963,0.9921296296296296,86
0.0120288692064,0.052209001911,0.9999537037037037,0.9923148148148148,87
0.00632698460356,0.0595192466395,0.9999074074074074,0.9926851851851852,88
0.0111546839544,0.0516575560626,0.9999768518518518,0.9926851851851852,89
0.00763678882926,0.0551978083107,0.9999537037037037,0.9928703703703704,90
0.0078175110694,0.0550140715638,0.9998611111111111,0.9927777777777778,91
0.00870509300966,0.058387064943,0.9997453703703704,0.9927777777777778,92
0.00677363951175,0.0522884970196,0.9999537037037037,0.9925,93
0.00618991954724,0.0491078815687,0.9999768518518518,0.9929629629629629,94
0.0084983310186,0.0552394643304,0.9999768518518518,0.9925925925925926,95
0.00726406842168,0.052883145931,0.9999537037037037,0.9927777777777778,96
0.00861288740506,0.0525093968604,0.9999305555555555,0.9924074074074074,97
0.00994355255711,0.0501409938014,0.9999305555555555,0.9926851851851852,98
0.00865387293375,0.0518409476706,0.9999305555555555,0.9931481481481481,99
0.00868255639843,0.0520197396308,0.9999768518518518,0.9933333333333333,100
