training error,validation error,lambda,dropout prob
0.0995,0.623604166667,0.006663465306193248,0.603813828197014
0.874666666826,0.697333333333,0.42726668409649365,0.6604055304323418
0.0995,0.0985208333333,53.838530649421315,0.7716225302367793
0.952916666985,0.927270833333,3.7066776397245,0.2735201573167566
0.957666666826,0.922375,0.00027285971100072013,0.35394929195527747
0.823500000477,0.745333333333,14.998420380690613,0.5559134487435534
0.2345,0.30825,0.000799985913467163,0.7526611894529509
0.891583333651,0.8175,7.244348997740665,0.5324573452767536
0.966749999841,0.953541666667,0.001689492690925803,0.18467201833456237
0.718666666985,0.5505625,0.9745875953827298,0.6831158777948056
0.552666666985,0.484395833333,32.53519029753244,0.6419720964311681
0.971166666349,0.969895833333,0.0013323646554500525,0.08901803389169496
0.958250000318,0.956791666667,0.24837391929217864,0.13711979299971322
0.76308333381,0.6283125,0.00031946575236695433,0.6675484460410703
0.959500000159,0.9681875,1.0172786836805867,0.004313265609245232
0.659083333651,0.882958333333,41.46682746240782,0.3591259360656591
0.217333333413,0.225833333333,10.018504784651807,0.7776370798238768
0.761583333651,0.6455625,0.0267648509479844,0.6759468104434417
0.814749999682,0.7195,0.45030268064158924,0.6233307237478515
0.966416667144,0.949729166667,0.040567397061739376,0.21660564438602015
0.962999999682,0.9429375,0.00012844935421639058,0.250842556170163
0.942250000159,0.885958333333,0.0009476416251637045,0.49700832323428257
0.138416666587,0.257791666667,0.046925513449960085,0.7967906565286416
0.313749999921,0.308,0.0009422521857632944,0.7603626678047073
0.708666666985,0.590666666667,0.0006018271918579053,0.6757409121829723
0.947166667144,0.911520833333,23.587677290257623,0.2673565350443643
0.952916667144,0.916020833333,0.00968087778106251,0.41070262243925093
0.962500000159,0.960104166667,0.12096851418856551,0.13441668703935913
0.0995,0.0985208333333,0.0009231458882436367,0.7697539818053856
0.938999999682,0.8844375,0.24566947977850562,0.5057427848555394
0.916416666985,0.8236875,0.0006754795706248399,0.5833955032700857
0.911083333492,0.811458333333,92.46149181401546,0.47199146428291583
0.920416666985,0.811270833333,97.53787841736609,0.4524849096480492
0.0995,0.0985208333333,3.7484512941155708,0.0207951367653779
0.946250000159,0.920354166667,5.914410737694095,0.29124268621951693
0.93875,0.882145833333,0.00536945049307957,0.5160183672354747
0.941000000477,0.8895,0.17991964333876503,0.4890209289742429
0.96283333381,0.954541666667,0.28838022593078794,0.14882271443212422
0.959416666349,0.937604166667,0.0006185469795841081,0.2885617315167708
0.0995,0.0985208333333,0.00021571136898287,0.639620095437698
0.96866666619,0.970770833333,0.004245393125284976,0.08084310124973344
0.962916666508,0.958270833333,1.9167573467578716,0.06251839906651187
0.954916666826,0.9326875,1.239835237779079,0.2844563659914985
0.96058333381,0.970791666667,0.43217770156602675,0.00898865786797547
0.951250000477,0.929520833333,2.7290963578109215,0.2704821645655656
0.0995,0.345375,5.0063737419485004e-05,0.7419118200043567
0.969000000318,0.96175,0.0021753167278374215,0.14479609370295626
0.106666666687,0.233354166667,0.00012800836138487465,0.7967362680762969
0.965750000477,0.95575,1.1553281826251876e-05,0.16817595999537308
0.961499999682,0.932041666667,8.300951099085239e-05,0.31276613841897566
0.938333332856,0.958958333333,1.7538668969656837,0.05397577685363526
0.91166666619,0.7984375,0.0002569051292463817,0.5918132816802845
0.965333333492,0.953145833333,0.012589060006907958,0.214571735723146
0.694750000159,0.66025,57.699289358564435,0.5606398342545561
0.958916666508,0.930020833333,1.2716031544194067e-05,0.3131320622383637
0.57508333381,0.465458333333,0.016029476836634665,0.7374314003795487
0.737499999682,0.8755,29.97369015776853,0.43115026204255236
0.958999999682,0.9615,0.1847595197807586,0.10422078622519573
0.831249999523,0.7243125,0.16254653089605392,0.636694097048639
0.94908333381,0.900916666667,74.00583991779406,0.2402517018897065
0.967333333015,0.9555,0.00041326223558470275,0.17806514798090145
0.106416666687,0.235541666667,2.1843966111463142e-05,0.792521900798468
0.965916666508,0.985125,1.2489089415708765e-05,0.01085482012440533
0.272999999762,0.324291666667,0.00014318233565741535,0.7552014608398601
0.94883333381,0.9083125,23.77032441511283,0.2706871915644804
0.0995,0.0985208333333,0.0009119805758221794,0.3525265497033392
0.0995,0.666979166667,9.455851416227994e-05,0.2975067977860663
0.930583332856,0.847729166667,4.056795247573705e-05,0.5506009823310622
0.88075,0.903020833333,38.17449690850482,0.268471594773272
0.0995,0.0985208333333,0.00029796872163765135,0.7667901018435777
0.934833333333,0.890541666667,17.408892377675155,0.3965829851989122
0.92691666619,0.8388125,1.8915179161964633,0.5558202816246804
0.890999999523,0.7549375,0.0005756769183827972,0.6115320083642461
0.970416666508,0.967666666667,1.1623265625966037e-05,0.10539796889151339
0.969916666826,0.9831875,0.0005448038603187985,0.012938202874920802
0.939166666667,0.8858125,1.274766903084908,0.497155669656578
0.919833333333,0.909854166667,5.965120608993012,0.35491716483796865
0.90716666619,0.936625,40.85452974777403,0.03207698834519306
0.959916667144,0.926604166667,2.6131763318350996e-05,0.3297949562627254
0.940000000159,0.909979166667,20.257944269400088,0.288535749096531
0.964083333492,0.9718125,0.00011365137898183753,0.06878045257598445
0.967749999682,0.954166666667,0.001190833101412911,0.18365297395501134
0.970499999841,0.984645833333,0.002507227627217637,0.015345319568936235
0.758500000159,0.583958333333,0.07385074162586615,0.6977228971599425
0.963083333333,0.952375,0.07484384437817779,0.1958022467966899
0.941250000477,0.884270833333,0.00014660383837543522,0.4831174418130629
0.942833332856,0.949291666667,1.751248811820019,0.14122890205798075
0.956583333492,0.926166666667,0.029740965377082373,0.3653481385739631
0.866333332856,0.754,0.007878544018053697,0.6199677582280647
0.0995,0.0985208333333,0.5157196064429084,0.1794320134806319
0.873166666508,0.737625,0.03608565862746392,0.6293876791258246
0.96133333381,0.965875,0.246852567551592,0.0703929355354398
0.590916667144,0.47325,0.0028244600029814267,0.7269995351307443
0.951999999682,0.912104166667,0.00014186225209493957,0.39244578766907046
0.943500000477,0.900354166667,0.019739280930493687,0.4705443367858793
0.971583332856,0.973270833333,0.003079314377746898,0.07189536201328384
0.955333333492,0.923395833333,5.208300960336328e-05,0.3504149293002072
0.906583333333,0.7813125,0.004319960275652673,0.6144731447655245
0.1585,0.278958333333,0.0006461595296954705,0.761636665158913
0.97133333381,0.974270833333,0.0009012543053780366,0.06872249943832741
