training error,validation error,lambda,dropout prob
0.95933333381,0.9665,0.002287653475226009,0.009543363313424579
0.955833333492,0.935520833333,0.002755804147340082,0.1355043332740589
0.953416667144,0.9274375,0.002766866916888356,0.17177975300204873
0.960416666667,0.9715,7.537063914121384e-05,0.006787978414877515
0.943999999682,0.9135,0.04389573215121192,0.18458267067641834
0.951499999682,0.913208333333,2.1430832919475863e-05,0.23862783935187648
0.954166666667,0.930520833333,0.001704146370398153,0.15972847997226963
0.955749999682,0.941270833333,0.005548867648397602,0.11058205978256745
0.948916666985,0.909291666667,0.00010261780348079855,0.2460662283377012
0.956916667144,0.9490625,0.0005789316343042443,0.07567598392813525
0.947000000477,0.899604166667,0.002076446870762975,0.2826609754496335
0.947000000477,0.914083333333,0.00430644049914675,0.22787822081856762
0.95233333381,0.9324375,0.018926944678398356,0.12609013860544846
0.958416667144,0.945,3.169627835046151e-05,0.09776440785122324
0.937583333333,0.9001875,0.03918801588985915,0.24710220887541076
0.955250000159,0.935708333333,0.002424351576579947,0.1274713707243588
0.956083333174,0.941041666667,0.0051081022485482295,0.09540198381916669
0.944000000477,0.895166666667,0.0007159972225790761,0.29975838189440146
0.938083333333,0.89075,0.03126843637386892,0.29929310323434904
0.950583332856,0.926979166667,0.0038730412111918685,0.18064159680014188
0.94975,0.9098125,8.272391135491948e-05,0.2508226777459795
0.96125,0.9689375,0.0001478384622429011,0.01224623773357415
0.960500000159,0.96275,0.0006910568557301529,0.02356817928735049
0.952166666985,0.927666666667,0.0010236717593439474,0.17619408771138692
0.960666666349,0.965708333333,0.0005031608817838121,0.020527794969613888
0.955250000159,0.93225,0.00018174896186247486,0.15167363026909297
0.95233333381,0.928,5.892075404159817e-05,0.17509813845020014
0.960583333015,0.970791666667,1.923829547317878e-05,0.005286007138962545
0.960166666349,0.956145833333,1.48948925825202e-05,0.0564611009446767
0.959749999682,0.960625,0.0010838817291957,0.03968409237457541
0.9485,0.91675,4.5611095115906905e-05,0.2119679119588082
0.951583333174,0.946708333333,0.05911796868143366,0.0181023901924087
0.945083333174,0.91525,0.01820817273973723,0.20191179079106308
0.95933333381,0.952458333333,1.50896435827673e-05,0.06442366791471789
0.954250000159,0.9280625,1.224305755563378e-05,0.17187299091891936
0.95808333381,0.965041666667,0.001813057194276204,0.013774502184578596
0.95408333381,0.9385625,0.0009199041064348547,0.11136813885784642
0.960916666826,0.9635,0.004125701805363165,0.019477663825799796
0.95233333381,0.934208333333,0.01848919207878212,0.10569541673816439
0.959999999841,0.957729166667,0.00015441883633437867,0.046565656104886485
0.948583333015,0.937104166667,0.02545947763033459,0.08762061102739323
0.958000000477,0.957166666667,0.0001503286331796155,0.04742368450615938
0.945416666349,0.906333333333,1.9014868052947737e-05,0.25343183544953357
0.951666666667,0.917125,0.0004769150044636214,0.21644016691933216
0.936333333492,0.888083333333,0.05157584085364343,0.28232690604522864
0.954666666349,0.922375,6.344620522693015e-05,0.18720583735475108
0.950999999682,0.918229166667,2.1472041623111798e-05,0.20130799021188853
0.942333333015,0.90875,0.022024265831900553,0.22449226147058737
0.959583333174,0.946541666667,3.167486560617167e-05,0.09313665697033974
0.958749999841,0.954479166667,0.004445366421935919,0.04484704909004793
0.956333333492,0.94525,0.004352815009156268,0.08442520724250495
0.960333333492,0.950958333333,0.002749200753354491,0.06280449300608845
0.942333333015,0.900041666667,0.010409464801234137,0.27523845240058825
0.956666666349,0.937041666667,0.005738242327661524,0.10788519074955633
0.950999999682,0.922145833333,1.1267371498633392e-05,0.18858919906792215
0.941500000159,0.909791666667,0.05453760261134616,0.18863071816617627
0.950583333651,0.912208333333,3.426991735792881e-05,0.2403098883349388
0.955333333174,0.938041666667,0.00024514513687460036,0.12404493070357965
0.955583333492,0.9384375,1.2451206196927219e-05,0.11698781094966543
0.944416666667,0.908520833333,0.015672551071410402,0.23111948353153472
0.957166666349,0.949375,0.00537417827091366,0.059660613498247125
0.952666666826,0.924916666667,8.672549068810612e-05,0.18173415612568145
0.950666667144,0.917333333333,0.002375093747276554,0.216574363759049
0.938999999682,0.894916666667,0.04737897004090057,0.25948556096767195
0.943916667144,0.9213125,0.04827294107924648,0.1340577974239751
0.958,0.946020833333,0.003946191779404721,0.0891751779338716
0.959250000477,0.946041666667,2.7834787484040028e-05,0.08844462351173385
0.941833332856,0.914645833333,0.05623099157194564,0.17674224034351432
0.959916666349,0.9476875,0.00015199267435784337,0.08947717909620288
0.950583333651,0.912208333333,0.001549921644683487,0.23596695810827384
0.952416666826,0.922708333333,0.0006536188290198796,0.18531383148179048
0.956749999682,0.950416666667,2.6013852965742603e-05,0.07941781374923222
0.952833333015,0.926375,8.759107507986688e-05,0.16708095252873573
0.957750000477,0.938395833333,0.00025713928695881845,0.12398300052527966
0.955083332856,0.934270833333,0.006102069399173378,0.13334442808773947
0.949249999841,0.917083333333,0.0029400206713142973,0.20258042547886815
0.957583333492,0.9605625,0.0033052842266118763,0.019680232969429477
0.948666666667,0.908104166667,0.00013727560486994408,0.25406699643027647
0.953916666826,0.934729166667,0.022452009985146727,0.10995985161760594
0.94533333381,0.902208333333,1.7403612001018574e-05,0.27899745115851415
0.954,0.935625,1.536649626490365e-05,0.14386656184478397
0.960833333492,0.971,0.0005409822527863372,0.005320170906789967
0.952333333015,0.92925,0.007528545325692003,0.15324508658373656
0.945500000159,0.915145833333,0.01740637724267088,0.20016500418058067
0.947833333015,0.915791666667,0.0009217307615141476,0.22451979131078337
0.958749999682,0.9563125,0.0019828142000453725,0.040006041842925555
0.935416666667,0.892229166667,0.03144052082830939,0.2890522920871103
0.948416667144,0.910270833333,0.000531760591837623,0.24225061542450627
0.959333333015,0.9465,0.00012925694407957134,0.0926203633550264
0.95908333381,0.941791666667,1.1116030338271685e-05,0.11023660687322635
0.953083333333,0.93375,0.0008533024684074561,0.15154715195622517
0.959750000477,0.97025,1.3218893934118364e-05,0.007765302247506733
0.952500000477,0.933520833333,0.009502915965222933,0.12712269078596433
0.95383333381,0.949895833333,0.03959500078394222,0.016401748856806897
0.959666667144,0.961333333333,0.0016044715060443578,0.023806094248604002
0.953749999841,0.928291666667,0.0006253576006886107,0.16519739985550197
0.947749999841,0.904083333333,1.1798514144599092e-05,0.2628567226935594
0.946000000477,0.923208333333,0.03357368850083698,0.14721672507410996
0.953416666826,0.924833333333,4.467921846346805e-05,0.18853736163620496
0.952333333492,0.937666666667,0.01888079429517047,0.09446270723272455
